# Version 1.00
#
freq[Hz];re:Trc1_S11;im:Trc1_S11;re:Trc2_S21;im:Trc2_S21;
2.400000000000000E+009;1.551691144704819E-001;1.115099638700485E-001;1.541111385449767E-003;6.179909221827984E-003;
2.400166666666667E+009;1.545009613037109E-001;1.093271151185036E-001;1.756747486069799E-003;6.272208411246538E-003;
2.400333333333334E+009;1.544437855482101E-001;1.070078462362289E-001;2.064471598714590E-003;6.346983835101128E-003;
2.400500000000000E+009;1.539819091558456E-001;1.044166237115860E-001;2.282193861901760E-003;6.356525700539351E-003;
2.400666666666667E+009;1.539973914623261E-001;1.018921136856079E-001;2.598456339910626E-003;6.441221572458744E-003;
2.400833333333334E+009;1.536624133586884E-001;9.905788302421570E-002;2.826507668942213E-003;6.332961842417717E-003;
2.401000000000000E+009;1.537250280380249E-001;9.641266614198685E-002;3.126595634967089E-003;6.371330469846726E-003;
2.401166666666667E+009;1.534398943185806E-001;9.345807880163193E-002;3.362969495356083E-003;6.255201995372772E-003;
2.401333333333334E+009;1.538087576627731E-001;9.057468920946121E-002;3.451973432675004E-003;5.970816593617201E-003;
2.401500000000000E+009;1.537823826074600E-001;8.764190226793289E-002;3.794592805206776E-003;5.955417174845934E-003;
2.401666666666667E+009;1.540167927742004E-001;8.452285826206207E-002;3.954250831156969E-003;5.739550571888685E-003;
2.401833333333334E+009;1.543521285057068E-001;8.164542913436890E-002;4.019318614155054E-003;5.706015042960644E-003;
2.402000000000000E+009;1.552302390336990E-001;7.865308970212936E-002;4.305615555495024E-003;5.679561290889978E-003;
2.402166666666667E+009;1.556903570890427E-001;7.582083344459534E-002;4.645654466003180E-003;5.663368850946426E-003;
2.402333333333334E+009;1.565494239330292E-001;7.296630740165710E-002;4.705211147665978E-003;5.473196040838957E-003;
2.402500000000000E+009;1.576557904481888E-001;6.990493834018707E-002;4.956041462719441E-003;5.470702890306711E-003;
2.402666666666667E+009;1.586582511663437E-001;6.764248758554459E-002;5.306466948240995E-003;5.268079228699207E-003;
2.402833333333334E+009;1.597739160060883E-001;6.475841999053955E-002;5.518873687833548E-003;5.075668450444937E-003;
2.403000000000000E+009;1.613144278526306E-001;6.213551014661789E-002;5.877584684640169E-003;4.925216082483530E-003;
2.403166666666667E+009;1.629240214824677E-001;5.975664034485817E-002;5.984036251902580E-003;4.899517633020878E-003;
2.403333333333334E+009;1.644019931554794E-001;5.739121511578560E-002;6.269620731472969E-003;4.521488677710295E-003;
2.403500000000000E+009;1.662008613348007E-001;5.495233088731766E-002;6.466249004006386E-003;4.282397683709860E-003;
2.403666666666667E+009;1.680896878242493E-001;5.294662714004517E-002;6.935969460755587E-003;3.981295973062515E-003;
2.403833333333334E+009;1.697774082422257E-001;5.074010789394379E-002;7.115052547305822E-003;3.627028781920672E-003;
2.404000000000000E+009;1.714896708726883E-001;4.869810864329338E-002;7.388093508780003E-003;3.274565562605858E-003;
2.404166666666667E+009;1.735253334045410E-001;4.703552648425102E-002;7.525729946792126E-003;3.110697492957115E-003;
2.404333333333334E+009;1.751954406499863E-001;4.526433348655701E-002;7.719771936535835E-003;2.592651406303048E-003;
2.404500000000000E+009;1.770203113555908E-001;4.363034665584564E-002;7.785481866449118E-003;2.204971853643656E-003;
2.404666666666667E+009;1.788929551839829E-001;4.242167994379997E-002;7.807332091033459E-003;1.756220241077244E-003;
2.404833333333334E+009;1.808235496282578E-001;4.118934273719788E-002;7.954187691211700E-003;1.270564505830407E-003;
2.405000000000000E+009;1.824757754802704E-001;4.047906771302223E-002;8.000527508556843E-003;1.013221801258624E-003;
2.405166666666667E+009;1.841979920864105E-001;3.957332670688629E-002;7.944046519696713E-003;6.713725742883980E-004;
2.405333333333334E+009;1.858373433351517E-001;3.897014260292053E-002;7.885102182626724E-003;2.415088092675433E-004;
2.405500000000000E+009;1.875286251306534E-001;3.839685022830963E-002;7.790661882609129E-003;-1.390350662404671E-004;
2.405666666666667E+009;1.890893876552582E-001;3.803066909313202E-002;7.667091209441423E-003;-6.438331329263747E-004;
2.405833333333334E+009;1.904849708080292E-001;3.779292479157448E-002;7.608769927173853E-003;-9.183997171930969E-004;
2.406000000000000E+009;1.918831318616867E-001;3.771247714757919E-002;7.452129386365414E-003;-1.350270234979689E-003;
2.406166666666667E+009;1.932696551084518E-001;3.760444745421410E-002;7.289520930498838E-003;-1.551735214889050E-003;
2.406333333333334E+009;1.943165659904480E-001;3.766067326068878E-002;7.214617915451527E-003;-1.631736173294485E-003;
2.406500000000000E+009;1.954892873764038E-001;3.771491721272469E-002;7.114626001566649E-003;-2.046314766630530E-003;
2.406666666666667E+009;1.963367015123367E-001;3.795401751995087E-002;6.769815459847450E-003;-2.516827546060085E-003;
2.406833333333334E+009;1.969857066869736E-001;3.825678303837776E-002;6.540029775351286E-003;-2.646735636517406E-003;
2.407000000000000E+009;1.975647062063217E-001;3.846964240074158E-002;6.374647375196219E-003;-2.781821414828301E-003;
2.407166666666667E+009;1.982069611549377E-001;3.860464319586754E-002;6.229300051927567E-003;-3.014167537912726E-003;
2.407333333333334E+009;1.983029395341873E-001;3.902081027626991E-002;6.014602258801460E-003;-3.289485350251198E-003;
2.407500000000000E+009;1.984246671199799E-001;3.938481211662293E-002;5.772802513092756E-003;-3.450939431786537E-003;
2.407666666666667E+009;1.986529827117920E-001;3.948888927698135E-002;5.639617796987295E-003;-3.491003997623920E-003;
2.407833333333334E+009;1.983750313520432E-001;3.967325016856194E-002;5.299887154251337E-003;-3.836071118712425E-003;
2.408000000000000E+009;1.984849572181702E-001;3.969191014766693E-002;5.116561893373728E-003;-3.831812879070640E-003;
2.408166666666667E+009;1.977954208850861E-001;3.976457566022873E-002;5.003336817026138E-003;-3.847811371088028E-003;
2.408333333333334E+009;1.974259316921234E-001;3.961540013551712E-002;4.673329181969166E-003;-3.939175046980381E-003;
2.408500000000000E+009;1.966883391141892E-001;3.961515799164772E-002;4.535022657364607E-003;-4.019554704427719E-003;
2.408666666666667E+009;1.960853785276413E-001;3.946704044938088E-002;4.349071066826582E-003;-4.102635663002729E-003;
2.408833333333334E+009;1.954192519187927E-001;3.894198313355446E-002;4.024529829621315E-003;-4.166760481894016E-003;
2.409000000000000E+009;1.945191621780396E-001;3.842171281576157E-002;3.744264831766486E-003;-4.262442700564861E-003;
2.409166666666667E+009;1.934499740600586E-001;3.761942684650421E-002;3.613114356994629E-003;-4.312859848141670E-003;
2.409333333333334E+009;1.923591941595078E-001;3.711959719657898E-002;3.314981469884515E-003;-4.350597970187664E-003;
2.409500000000000E+009;1.910355836153030E-001;3.595684096217156E-002;3.241599071770906E-003;-4.320909734815359E-003;
2.409666666666667E+009;1.900537759065628E-001;3.485304489731789E-002;3.033826127648354E-003;-4.130601417273283E-003;
2.409833333333334E+009;1.888043135404587E-001;3.358495235443115E-002;2.925306092947722E-003;-4.022439476102591E-003;
2.410000000000000E+009;1.875200271606445E-001;3.217132389545441E-002;2.806365489959717E-003;-4.074886441230774E-003;
2.410166666666667E+009;1.863987147808075E-001;3.061045892536640E-002;2.593626501038671E-003;-3.994354046881199E-003;
2.410333333333334E+009;1.851863116025925E-001;2.900271490216255E-002;2.519323257729411E-003;-3.989901859313250E-003;
2.410500000000000E+009;1.839183121919632E-001;2.718887105584145E-002;2.481831004843116E-003;-3.890225896611810E-003;
2.410666666666667E+009;1.827197819948196E-001;2.492310479283333E-002;2.372375223785639E-003;-3.895235713571310E-003;
2.410833333333334E+009;1.819219291210175E-001;2.294053137302399E-002;2.231126185506582E-003;-3.834963543340564E-003;
2.411000000000000E+009;1.810234040021896E-001;2.062254957854748E-002;2.206956502050161E-003;-3.779424354434013E-003;
2.411166666666667E+009;1.800589561462402E-001;1.871997863054276E-002;2.231447491794825E-003;-3.938088193535805E-003;
2.411333333333334E+009;1.793998479843140E-001;1.600194163620472E-002;2.158112823963165E-003;-3.867756342515349E-003;
2.411500000000000E+009;1.786076873540878E-001;1.372147910296917E-002;2.118329284712672E-003;-3.840237390249968E-003;
2.411666666666667E+009;1.783353090286255E-001;1.138062402606010E-002;1.928196055814624E-003;-3.796466393396258E-003;
2.411833333333334E+009;1.777294278144836E-001;8.741372264921665E-003;1.831261906772852E-003;-3.719383385032415E-003;
2.412000000000000E+009;1.776928901672363E-001;5.987957585602999E-003;1.969763776287437E-003;-3.734607715159655E-003;
2.412166666666667E+009;1.775723546743393E-001;3.511061659082770E-003;1.860678661614656E-003;-3.791975323110819E-003;
2.412333333333334E+009;1.774663180112839E-001;9.681418305262923E-004;1.744007691740990E-003;-3.637000452727079E-003;
2.412500000000000E+009;1.778460592031479E-001;-1.775840763002634E-003;1.720904139801860E-003;-3.692456753924489E-003;
2.412666666666667E+009;1.782362610101700E-001;-4.357098601758480E-003;1.752139069139957E-003;-3.730365308001638E-003;
2.412833333333334E+009;1.788073182106018E-001;-7.071354426443577E-003;1.908181235194206E-003;-3.709820564836264E-003;
2.413000000000000E+009;1.794006079435349E-001;-9.536535479128361E-003;1.872658263891935E-003;-3.666813950985670E-003;
2.413166666666667E+009;1.803246438503265E-001;-1.206225249916315E-002;1.770746195688844E-003;-3.754927543923259E-003;
2.413333333333334E+009;1.812020391225815E-001;-1.468501240015030E-002;1.741916406899691E-003;-3.886261256411672E-003;
2.413500000000000E+009;1.820273697376251E-001;-1.718218252062798E-002;1.739399391226471E-003;-3.912576474249363E-003;
2.413666666666667E+009;1.834259778261185E-001;-1.958980597555637E-002;1.765346154570580E-003;-4.052448552101851E-003;
2.413833333333334E+009;1.844986975193024E-001;-2.193340845406056E-002;1.718388521112502E-003;-4.276296123862267E-003;
2.414000000000000E+009;1.857490390539169E-001;-2.413468435406685E-002;1.848817220889032E-003;-4.319709260016680E-003;
2.414166666666667E+009;1.869616657495499E-001;-2.618980221450329E-002;1.696630381047726E-003;-4.431161098182201E-003;
2.414333333333334E+009;1.883456856012344E-001;-2.841153182089329E-002;1.762736472301185E-003;-4.575040191411972E-003;
2.414500000000000E+009;1.897207349538803E-001;-3.009403310716152E-002;1.535176648758352E-003;-4.730126354843378E-003;
2.414666666666667E+009;1.910469532012940E-001;-3.188106790184975E-002;1.519646029919386E-003;-4.817439708858728E-003;
2.414833333333334E+009;1.925793588161469E-001;-3.348325937986374E-002;1.218108111061156E-003;-5.070570390671492E-003;
2.415000000000000E+009;1.936606168746948E-001;-3.506857529282570E-002;1.045175711624324E-003;-5.258469842374325E-003;
2.415166666666667E+009;1.952379792928696E-001;-3.621258586645126E-002;1.042151241563261E-003;-5.275512579828501E-003;
2.415333333333334E+009;1.966211646795273E-001;-3.740458190441132E-002;8.530735503882170E-004;-5.611905828118324E-003;
2.415500000000000E+009;1.979061216115952E-001;-3.838254883885384E-002;5.499401595443487E-004;-5.632488522678614E-003;
2.415666666666667E+009;1.991735249757767E-001;-3.924779221415520E-002;4.892077995464206E-004;-5.800202488899231E-003;
2.415833333333334E+009;2.004819065332413E-001;-4.001519083976746E-002;1.281940640183166E-004;-5.723136942833662E-003;
2.416000000000000E+009;2.014560848474503E-001;-4.061324521899223E-002;-3.241543163312599E-005;-5.673772189766169E-003;
2.416166666666667E+009;2.024230957031250E-001;-4.128018394112587E-002;-3.574570000637323E-004;-5.920129362493753E-003;
2.416333333333334E+009;2.033665925264359E-001;-4.158972948789597E-002;-5.706686060875654E-004;-5.958814173936844E-003;
2.416500000000000E+009;2.041851282119751E-001;-4.193072393536568E-002;-8.629160583950579E-004;-6.049027666449547E-003;
2.416666666666667E+009;2.047584354877472E-001;-4.229482263326645E-002;-1.036980538628995E-003;-5.970566533505917E-003;
2.416833333333334E+009;2.052880078554153E-001;-4.218129441142082E-002;-1.407174393534660E-003;-5.942642223089933E-003;
2.417000000000000E+009;2.056406289339066E-001;-4.227912425994873E-002;-1.626861514523625E-003;-5.868380423635244E-003;
2.417166666666667E+009;2.055844515562058E-001;-4.225518926978111E-002;-2.011483302339912E-003;-5.814988166093826E-003;
2.417333333333334E+009;2.056256830692291E-001;-4.189994558691979E-002;-1.941271591931582E-003;-5.719387903809547E-003;
2.417500000000000E+009;2.055639624595642E-001;-4.182692989706993E-002;-2.343934727832675E-003;-5.635341629385948E-003;
2.417666666666667E+009;2.052913010120392E-001;-4.151220992207527E-002;-2.563511254265904E-003;-5.493430886417627E-003;
2.417833333333334E+009;2.050319314002991E-001;-4.119330272078514E-002;-2.581531414762139E-003;-5.330333951860666E-003;
2.418000000000000E+009;2.045177072286606E-001;-4.060934856534004E-002;-2.960564801469445E-003;-5.205800756812096E-003;
2.418166666666667E+009;2.038272470235825E-001;-4.041592404246330E-002;-3.115225816145539E-003;-5.124748684465885E-003;
2.418333333333334E+009;2.031123787164688E-001;-4.017979651689529E-002;-3.229372669011354E-003;-5.097579210996628E-003;
2.418500000000000E+009;2.021762430667877E-001;-3.988015279173851E-002;-3.485849360004067E-003;-5.006426479667425E-003;
2.418666666666667E+009;2.014864981174469E-001;-3.946097567677498E-002;-3.474020166322589E-003;-4.808159545063973E-003;
2.418833333333334E+009;2.002423107624054E-001;-3.966666013002396E-002;-3.626152174547315E-003;-4.771988373249769E-003;
2.419000000000000E+009;1.988729089498520E-001;-3.947703540325165E-002;-3.903126576915383E-003;-4.821900278329849E-003;
2.419166666666667E+009;1.976475566625595E-001;-3.971751034259796E-002;-3.859510179609060E-003;-4.637882579118013E-003;
2.419333333333334E+009;1.961933523416519E-001;-3.997974842786789E-002;-4.140264820307493E-003;-4.654027987271547E-003;
2.419500000000000E+009;1.947673410177231E-001;-4.022394865751267E-002;-4.225126933306456E-003;-4.331432748585939E-003;
2.419666666666667E+009;1.930553764104843E-001;-4.069096967577934E-002;-4.305066075176001E-003;-4.375215154141188E-003;
2.419833333333334E+009;1.912398189306259E-001;-4.135221615433693E-002;-4.642746411263943E-003;-4.232559818774462E-003;
2.420000000000000E+009;1.897067427635193E-001;-4.191433265805244E-002;-4.951448179781437E-003;-4.178847651928663E-003;
2.420166666666667E+009;1.879301816225052E-001;-4.272837564349175E-002;-5.213434342294931E-003;-3.869165200740099E-003;
2.420333333333334E+009;1.860803514719009E-001;-4.375994205474854E-002;-5.142364185303450E-003;-3.702065208926797E-003;
2.420500000000000E+009;1.841820478439331E-001;-4.499249160289764E-002;-5.205419845879078E-003;-3.468373557552695E-003;
2.420666666666667E+009;1.823443323373795E-001;-4.596554487943649E-002;-5.472487304359675E-003;-3.305434016510844E-003;
2.420833333333334E+009;1.806453764438629E-001;-4.752266779541969E-002;-5.544588435441256E-003;-3.034724621102214E-003;
2.421000000000000E+009;1.788735538721085E-001;-4.885516315698624E-002;-5.676543805748224E-003;-2.731827786192298E-003;
2.421166666666667E+009;1.772883534431458E-001;-5.063683167099953E-002;-5.872839596122503E-003;-2.416024217382073E-003;
2.421333333333334E+009;1.753507852554321E-001;-5.222835764288902E-002;-5.793252959847450E-003;-2.299248008057475E-003;
2.421500000000000E+009;1.737162321805954E-001;-5.415034294128418E-002;-5.884422920644283E-003;-2.082053571939468E-003;
2.421666666666667E+009;1.724175959825516E-001;-5.602138116955757E-002;-5.861147306859493E-003;-1.815024646930397E-003;
2.421833333333334E+009;1.709840297698975E-001;-5.783492326736450E-002;-5.996740888804197E-003;-1.644926844164729E-003;
2.422000000000000E+009;1.696497201919556E-001;-5.997894331812859E-002;-6.151410751044750E-003;-1.443555229343474E-003;
2.422166666666667E+009;1.684968918561935E-001;-6.217060238122940E-002;-5.912547931075096E-003;-1.314579043537378E-003;
2.422333333333334E+009;1.673420518636704E-001;-6.423509120941162E-002;-5.983206443488598E-003;-1.014050911180675E-003;
2.422500000000000E+009;1.663776934146881E-001;-6.635160744190216E-002;-5.907046608626843E-003;-7.600234239362180E-004;
2.422666666666667E+009;1.655289232730866E-001;-6.873163580894470E-002;-5.905644502490759E-003;-5.706601659767330E-004;
2.422833333333334E+009;1.647347360849381E-001;-7.095329463481903E-002;-5.938822869211435E-003;-2.980390272568911E-004;
2.423000000000000E+009;1.640942543745041E-001;-7.310879230499268E-002;-5.865332204848528E-003;-4.201884803478606E-005;
2.423166666666667E+009;1.636034697294235E-001;-7.541549205780029E-002;-5.687263794243336E-003;1.315071567660198E-004;
2.423333333333334E+009;1.633658111095429E-001;-7.752691209316254E-002;-5.731264594942331E-003;3.386948083061725E-004;
2.423500000000000E+009;1.632084697484970E-001;-7.965876907110214E-002;-5.673103965818882E-003;4.879937041550875E-004;
2.423666666666667E+009;1.630926281213760E-001;-8.178577572107315E-002;-5.594932008534670E-003;6.928656366653740E-004;
2.423833333333334E+009;1.629246175289154E-001;-8.378718048334122E-002;-5.589989479631186E-003;7.949534337967634E-004;
2.424000000000000E+009;1.631629616022110E-001;-8.588253706693649E-002;-5.581636913120747E-003;1.106056035496295E-003;
2.424166666666667E+009;1.632126271724701E-001;-8.764345198869705E-002;-5.357020534574986E-003;1.284797908738256E-003;
2.424333333333334E+009;1.635582000017166E-001;-8.944483101367950E-002;-5.354137625545263E-003;1.368090859614313E-003;
2.424500000000000E+009;1.640049815177918E-001;-9.150287508964539E-002;-5.311508197337389E-003;1.459791790693998E-003;
2.424666666666667E+009;1.642317026853561E-001;-9.293776005506516E-002;-5.039792042225599E-003;1.717924722470343E-003;
2.424833333333334E+009;1.648399680852890E-001;-9.441777318716049E-002;-4.972381517291069E-003;1.833594054915011E-003;
2.425000000000000E+009;1.654388755559921E-001;-9.592664241790772E-002;-4.799041897058487E-003;1.896991394460201E-003;
2.425166666666667E+009;1.658007353544235E-001;-9.718426316976547E-002;-4.715036600828171E-003;2.138205571100116E-003;
2.425333333333334E+009;1.663526743650436E-001;-9.834635257720947E-002;-4.771232139319181E-003;2.174829598516226E-003;
2.425500000000000E+009;1.670153290033341E-001;-9.964598715305328E-002;-4.638643935322762E-003;2.408635104075074E-003;
2.425666666666667E+009;1.675377339124680E-001;-1.004086732864380E-001;-4.312943201512098E-003;2.440266078338027E-003;
2.425833333333334E+009;1.680727750062943E-001;-1.013726741075516E-001;-4.264901392161846E-003;2.509404206648469E-003;
2.426000000000000E+009;1.687353253364563E-001;-1.019985005259514E-001;-4.053582437336445E-003;2.457016613334417E-003;
2.426166666666667E+009;1.694262027740479E-001;-1.024820059537888E-001;-4.178545437753201E-003;2.662393264472485E-003;
2.426333333333334E+009;1.697086691856384E-001;-1.030536815524101E-001;-3.982917871326208E-003;2.834209939464927E-003;
2.426500000000000E+009;1.704346686601639E-001;-1.035231575369835E-001;-3.810317022725940E-003;2.761543961241841E-003;
2.426666666666667E+009;1.708329916000366E-001;-1.037802696228027E-001;-3.790023503825069E-003;2.844113390892744E-003;
2.426833333333334E+009;1.713376045227051E-001;-1.041387617588043E-001;-3.755557816475630E-003;2.806965028867126E-003;
2.427000000000000E+009;1.715767532587051E-001;-1.042776852846146E-001;-3.625422483310103E-003;2.916173078119755E-003;
2.427166666666667E+009;1.719054281711578E-001;-1.043485999107361E-001;-3.702592570334673E-003;2.900590188801289E-003;
2.427333333333334E+009;1.720027178525925E-001;-1.045314073562622E-001;-3.633131273090839E-003;3.127228468656540E-003;
2.427500000000000E+009;1.718990653753281E-001;-1.045581772923470E-001;-3.341184929013252E-003;3.039951203390956E-003;
2.427666666666667E+009;1.719596385955811E-001;-1.045657768845558E-001;-3.390704980120063E-003;3.220344195142388E-003;
2.427833333333334E+009;1.717435866594315E-001;-1.045645549893379E-001;-3.405886236578226E-003;3.265825565904379E-003;
2.428000000000000E+009;1.713611334562302E-001;-1.046784520149231E-001;-3.151943441480398E-003;3.195706987753511E-003;
2.428166666666667E+009;1.711713820695877E-001;-1.047166213393211E-001;-3.297731745988131E-003;3.281958401203156E-003;
2.428333333333334E+009;1.706025898456574E-001;-1.048575565218926E-001;-3.079150104895234E-003;3.397692693397403E-003;
2.428500000000000E+009;1.698158979415894E-001;-1.048098206520081E-001;-2.944481093436480E-003;3.414254402741790E-003;
2.428666666666667E+009;1.692544221878052E-001;-1.049885600805283E-001;-2.881805412471294E-003;3.508642083033919E-003;
2.428833333333334E+009;1.683605760335922E-001;-1.051902174949646E-001;-2.831876976415515E-003;3.517575096338987E-003;
2.429000000000000E+009;1.672013700008392E-001;-1.056173220276833E-001;-2.742508426308632E-003;3.511558286845684E-003;
2.429166666666667E+009;1.661217063665390E-001;-1.058136150240898E-001;-2.633403753861785E-003;3.530105343088508E-003;
2.429333333333334E+009;1.646406501531601E-001;-1.061624661087990E-001;-2.660268452018499E-003;3.607456805184484E-003;
2.429500000000000E+009;1.633621752262116E-001;-1.067677065730095E-001;-2.671950031071901E-003;3.661767113953829E-003;
2.429666666666667E+009;1.618784070014954E-001;-1.071184948086739E-001;-2.572263125330210E-003;3.536323318257928E-003;
2.429833333333334E+009;1.601353138685226E-001;-1.078550294041634E-001;-2.585695590823889E-003;3.685076953843236E-003;
2.430000000000000E+009;1.584714353084564E-001;-1.085128113627434E-001;-2.535634441301227E-003;3.791917115449905E-003;
2.430166666666667E+009;1.566933244466782E-001;-1.091196015477181E-001;-2.389691304415464E-003;3.763785120099783E-003;
2.430333333333334E+009;1.549288332462311E-001;-1.097205057740212E-001;-2.622523345053196E-003;3.889994928613305E-003;
2.430500000000000E+009;1.529342830181122E-001;-1.104173287749291E-001;-2.527490723878145E-003;3.960900008678436E-003;
2.430666666666667E+009;1.511511802673340E-001;-1.114436164498329E-001;-2.548367017880082E-003;4.242325201630592E-003;
2.430833333333334E+009;1.491962224245071E-001;-1.121501997113228E-001;-2.512267092242837E-003;4.348463844507933E-003;
2.431000000000000E+009;1.475565284490585E-001;-1.132398396730423E-001;-2.450789092108607E-003;4.483833909034729E-003;
2.431166666666667E+009;1.457089036703110E-001;-1.140780672430992E-001;-2.354355528950691E-003;4.567013122141361E-003;
2.431333333333334E+009;1.442023515701294E-001;-1.151746511459351E-001;-2.309349132701755E-003;4.779333714395762E-003;
2.431500000000000E+009;1.427301466464996E-001;-1.164986491203308E-001;-2.242112299427390E-003;5.050618667155504E-003;
2.431666666666667E+009;1.411534398794174E-001;-1.176019161939621E-001;-2.077077981084585E-003;5.118077620863915E-003;
2.431833333333334E+009;1.397368013858795E-001;-1.187094151973724E-001;-1.953620230779052E-003;5.331128370016813E-003;
2.432000000000000E+009;1.384911984205246E-001;-1.201707422733307E-001;-1.880732248537242E-003;5.453510675579310E-003;
2.432166666666667E+009;1.372038722038269E-001;-1.216613724827766E-001;-1.778666046448052E-003;5.587255116552115E-003;
2.432333333333334E+009;1.362393200397492E-001;-1.230440810322762E-001;-1.683376263827086E-003;5.744554102420807E-003;
2.432500000000000E+009;1.352623552083969E-001;-1.245568767189980E-001;-1.349766971543431E-003;5.830624140799046E-003;
2.432666666666667E+009;1.344897598028183E-001;-1.261534392833710E-001;-1.197536010295153E-003;5.994601640850306E-003;
2.432833333333334E+009;1.338186115026474E-001;-1.276250779628754E-001;-9.905979968607426E-004;6.178815383464098E-003;
2.433000000000000E+009;1.330050677061081E-001;-1.293403655290604E-001;-6.940338062122464E-004;6.070712115615606E-003;
2.433166666666667E+009;1.324300616979599E-001;-1.308825165033341E-001;-4.701385332737118E-004;6.294855847954750E-003;
2.433333333333334E+009;1.320278495550156E-001;-1.324695795774460E-001;-2.353560848860070E-004;6.400990299880505E-003;
2.433500000000000E+009;1.316819489002228E-001;-1.340652406215668E-001;1.520576915936545E-004;6.373941432684660E-003;
2.433666666666667E+009;1.312484890222549E-001;-1.355060935020447E-001;3.788839967455715E-004;6.526529788970947E-003;
2.433833333333334E+009;1.308826953172684E-001;-1.371868848800659E-001;6.637070910073817E-004;6.602298934012651E-003;
2.434000000000000E+009;1.309835314750671E-001;-1.383583098649979E-001;9.983237832784653E-004;6.723792757838965E-003;
2.434166666666667E+009;1.308139562606812E-001;-1.396873444318771E-001;1.425323891453445E-003;6.832571234554052E-003;
2.434333333333334E+009;1.306510567665100E-001;-1.408769339323044E-001;1.696453313343227E-003;6.708551198244095E-003;
2.434500000000000E+009;1.308111101388931E-001;-1.417937129735947E-001;1.895635272376239E-003;6.630362011492252E-003;
2.434666666666667E+009;1.309375017881393E-001;-1.429776251316071E-001;2.228915225714445E-003;6.511460058391094E-003;
2.434833333333334E+009;1.313564032316208E-001;-1.438184976577759E-001;2.615462522953749E-003;6.453346926718950E-003;
2.435000000000000E+009;1.315438002347946E-001;-1.445628702640533E-001;2.908185357227922E-003;6.329897791147232E-003;
2.435166666666667E+009;1.319705545902252E-001;-1.451876610517502E-001;3.257323754951358E-003;6.299421656876802E-003;
2.435333333333334E+009;1.323002129793167E-001;-1.457792371511459E-001;3.415176644921303E-003;6.007557269185782E-003;
2.435500000000000E+009;1.327302902936935E-001;-1.462455242872238E-001;3.700389293953776E-003;5.964630749076605E-003;
2.435666666666667E+009;1.332027465105057E-001;-1.467168778181076E-001;4.097384400665760E-003;5.850335583090782E-003;
2.435833333333334E+009;1.335672736167908E-001;-1.469487249851227E-001;4.265295807272196E-003;5.656989756971598E-003;
2.436000000000000E+009;1.339161247014999E-001;-1.471778154373169E-001;4.432153888046742E-003;5.378671456128359E-003;
2.436166666666667E+009;1.342461854219437E-001;-1.473719924688339E-001;4.864844959229231E-003;5.117173772305250E-003;
2.436333333333334E+009;1.344445794820786E-001;-1.473902612924576E-001;4.973545670509338E-003;4.916783422231674E-003;
2.436500000000000E+009;1.348238736391068E-001;-1.471639722585678E-001;5.278062541037798E-003;4.720009863376617E-003;
2.436666666666667E+009;1.349048316478729E-001;-1.468504965305328E-001;5.458185914903879E-003;4.491340368986130E-003;
2.436833333333334E+009;1.348507255315781E-001;-1.466509550809860E-001;5.741984117776156E-003;4.065763205289841E-003;
2.437000000000000E+009;1.350105702877045E-001;-1.463427394628525E-001;5.799719598144293E-003;3.847281448543072E-003;
2.437166666666667E+009;1.348496824502945E-001;-1.459234952926636E-001;5.954158492386341E-003;3.515338758006692E-003;
2.437333333333334E+009;1.347159445285797E-001;-1.454421579837799E-001;6.020694039762020E-003;3.157807281240821E-003;
2.437500000000000E+009;1.344310790300369E-001;-1.446767449378967E-001;6.263440474867821E-003;2.753366949036717E-003;
2.437666666666667E+009;1.341364830732346E-001;-1.440712809562683E-001;6.121010519564152E-003;2.473910339176655E-003;
2.437833333333334E+009;1.335185468196869E-001;-1.433121711015701E-001;6.242531817406416E-003;2.169312909245491E-003;
2.438000000000000E+009;1.331563442945480E-001;-1.427522450685501E-001;6.145904771983624E-003;1.939796493388712E-003;
2.438166666666667E+009;1.326325237751007E-001;-1.419270038604736E-001;6.215685512870550E-003;1.572769135236740E-003;
2.438333333333334E+009;1.315745413303375E-001;-1.412070840597153E-001;6.062648724764586E-003;1.327082631178200E-003;
2.438500000000000E+009;1.308059096336365E-001;-1.403457522392273E-001;5.903389304876328E-003;1.034644083119929E-003;
2.438666666666667E+009;1.297626197338104E-001;-1.398468613624573E-001;5.901566706597805E-003;8.004930568858981E-004;
2.438833333333334E+009;1.287048459053040E-001;-1.389702409505844E-001;5.882694851607084E-003;6.013153470121324E-004;
2.439000000000000E+009;1.276712566614151E-001;-1.384753882884979E-001;5.734768230468035E-003;4.342339816503227E-004;
2.439166666666667E+009;1.264777630567551E-001;-1.378236413002014E-001;5.555624142289162E-003;2.703604986891151E-004;
2.439333333333334E+009;1.250226944684982E-001;-1.376556009054184E-001;5.558764096349478E-003;1.697162369964644E-004;
2.439500000000000E+009;1.237294971942902E-001;-1.370799839496613E-001;5.279656965285540E-003;6.262969691306353E-005;
2.439666666666667E+009;1.221731975674629E-001;-1.367345899343491E-001;5.212062969803810E-003;4.559097942546941E-005;
2.439833333333334E+009;1.206220090389252E-001;-1.365884244441986E-001;5.277350544929504E-003;-1.037997644743882E-004;
2.440000000000000E+009;1.191081479191780E-001;-1.367035210132599E-001;5.120191723108292E-003;-2.954090014100075E-004;
2.440166666666667E+009;1.173175349831581E-001;-1.365718096494675E-001;5.107600241899490E-003;-2.955787931568921E-004;
2.440333333333334E+009;1.158085465431213E-001;-1.368264704942703E-001;5.074727348983288E-003;-3.436256374698132E-004;
2.440500000000000E+009;1.139727309346199E-001;-1.372010260820389E-001;5.077837966382504E-003;-4.985835985280573E-004;
2.440666666666667E+009;1.122836321592331E-001;-1.375240385532379E-001;5.050931591540575E-003;-6.632333388552070E-004;
2.440833333333334E+009;1.104082912206650E-001;-1.378586441278458E-001;4.832522943615913E-003;-7.540354854427278E-004;
2.441000000000000E+009;1.086708828806877E-001;-1.385510265827179E-001;4.876828286796808E-003;-8.878208464011550E-004;
2.441166666666667E+009;1.068948283791542E-001;-1.393899619579315E-001;4.859120119363070E-003;-1.054226537235081E-003;
2.441333333333334E+009;1.051172837615013E-001;-1.403224021196365E-001;4.755428060889244E-003;-1.031740917824209E-003;
2.441500000000000E+009;1.033520177006722E-001;-1.414108723402023E-001;4.764058627188206E-003;-1.282437937334180E-003;
2.441666666666667E+009;1.017430648207665E-001;-1.425256580114365E-001;4.779067356139422E-003;-1.344272517599165E-003;
2.441833333333334E+009;9.985828399658203E-002;-1.437406688928604E-001;4.663147497922182E-003;-1.531456597149372E-003;
2.442000000000000E+009;9.823638200759888E-002;-1.449681967496872E-001;4.650407936424017E-003;-1.579129952006042E-003;
2.442166666666667E+009;9.693039208650589E-002;-1.463037282228470E-001;4.476676229387522E-003;-1.700109918601811E-003;
2.442333333333334E+009;9.550338983535767E-002;-1.478832811117172E-001;4.425364546477795E-003;-1.737311598844826E-003;
2.442500000000000E+009;9.396737813949585E-002;-1.491477489471436E-001;4.376342520117760E-003;-1.844811369664967E-003;
2.442666666666667E+009;9.270692616701126E-002;-1.508674323558807E-001;4.240897484123707E-003;-1.805117703042924E-003;
2.442833333333334E+009;9.163534641265869E-002;-1.522871106863022E-001;4.153416492044926E-003;-2.001449931412935E-003;
2.443000000000000E+009;9.063843637704849E-002;-1.538768112659454E-001;4.174239002168179E-003;-1.944721210747957E-003;
2.443166666666667E+009;8.940541744232178E-002;-1.555151045322418E-001;4.197739530354738E-003;-2.112691989168525E-003;
2.443333333333334E+009;8.875655382871628E-002;-1.570542603731155E-001;4.097841214388609E-003;-2.144054742529988E-003;
2.443500000000000E+009;8.776126056909561E-002;-1.587889194488525E-001;4.094368312507868E-003;-2.118482021614909E-003;
2.443666666666667E+009;8.727025985717773E-002;-1.601805537939072E-001;4.136618692427874E-003;-2.243842231109738E-003;
2.443833333333334E+009;8.663855493068695E-002;-1.618504673242569E-001;4.108273424208164E-003;-2.394737210124731E-003;
2.444000000000000E+009;8.598550409078598E-002;-1.631806343793869E-001;4.136383999139071E-003;-2.468199469149113E-003;
2.444166666666667E+009;8.573587983846664E-002;-1.644501686096191E-001;4.015746526420116E-003;-2.702088560909033E-003;
2.444333333333334E+009;8.538439124822617E-002;-1.659231930971146E-001;4.068407695740461E-003;-2.650460228323937E-003;
2.444500000000000E+009;8.496986329555512E-002;-1.669981032609940E-001;3.962851129472256E-003;-2.973492490127683E-003;
2.444666666666667E+009;8.482810854911804E-002;-1.681606173515320E-001;3.930387552827597E-003;-2.958633238449693E-003;
2.444833333333334E+009;8.464798331260681E-002;-1.692534685134888E-001;3.972365986555815E-003;-3.142085857689381E-003;
2.445000000000000E+009;8.456801623106003E-002;-1.701459586620331E-001;3.873970126733184E-003;-3.168058115988970E-003;
2.445166666666667E+009;8.464146405458450E-002;-1.710420399904251E-001;3.848545253276825E-003;-3.403708571568131E-003;
2.445333333333334E+009;8.471107482910156E-002;-1.717359274625778E-001;3.663492156192660E-003;-3.475801320746541E-003;
2.445500000000000E+009;8.483406156301498E-002;-1.722081303596497E-001;3.507473738864064E-003;-3.612706204876304E-003;
2.445666666666667E+009;8.485631644725800E-002;-1.727422326803207E-001;3.469103248789907E-003;-3.860605880618095E-003;
2.445833333333334E+009;8.522636443376541E-002;-1.730105876922607E-001;3.495572600513697E-003;-3.968678880482912E-003;
2.446000000000000E+009;8.536035567522049E-002;-1.734202206134796E-001;3.416412277147174E-003;-4.003844223916531E-003;
2.446166666666667E+009;8.559153228998184E-002;-1.734312623739243E-001;3.189876908436418E-003;-4.309289623051882E-003;
2.446333333333334E+009;8.567993342876434E-002;-1.735492348670960E-001;3.172307042405009E-003;-4.353688564151526E-003;
2.446500000000000E+009;8.587439358234406E-002;-1.736078113317490E-001;3.102934453636408E-003;-4.581517074257135E-003;
2.446666666666667E+009;8.585219830274582E-002;-1.732740849256516E-001;2.957565477117896E-003;-4.522435367107391E-003;
2.446833333333334E+009;8.573048561811447E-002;-1.730098724365234E-001;2.831809921190143E-003;-4.799535032361746E-003;
2.447000000000000E+009;8.583236485719681E-002;-1.727453321218491E-001;2.743678400292993E-003;-4.970620386302471E-003;
2.447166666666667E+009;8.585591614246368E-002;-1.723372936248779E-001;2.492396160960197E-003;-5.274568684399128E-003;
2.447333333333334E+009;8.547328412532806E-002;-1.718354672193527E-001;2.370748901739717E-003;-5.316827446222305E-003;
2.447500000000000E+009;8.533368259668350E-002;-1.714219003915787E-001;2.167020691558719E-003;-5.531203001737595E-003;
2.447666666666667E+009;8.499484509229660E-002;-1.706717759370804E-001;1.966623822227120E-003;-5.651781335473061E-003;
2.447833333333334E+009;8.462910354137421E-002;-1.699639409780502E-001;1.681012567132711E-003;-5.638231057673693E-003;
2.448000000000000E+009;8.417201042175293E-002;-1.694275289773941E-001;1.312753069214523E-003;-5.864997394382954E-003;
2.448166666666667E+009;8.346664905548096E-002;-1.687342971563339E-001;1.247771084308624E-003;-5.853386595845223E-003;
2.448333333333334E+009;8.300033211708069E-002;-1.682614684104919E-001;1.018404029309750E-003;-5.851353518664837E-003;
2.448500000000000E+009;8.203100413084030E-002;-1.675539016723633E-001;7.213752251118422E-004;-5.851600319147110E-003;
2.448666666666667E+009;8.112258464097977E-002;-1.670304238796234E-001;5.160581204108894E-004;-5.956192500889301E-003;
2.448833333333334E+009;7.998528331518173E-002;-1.663596034049988E-001;3.633123124018312E-004;-5.858660675585270E-003;
2.449000000000000E+009;7.862226665019989E-002;-1.658285558223724E-001;-6.947005022084341E-005;-5.780831910669804E-003;
2.449166666666667E+009;7.733622193336487E-002;-1.653207540512085E-001;-2.450584433972836E-004;-5.883028730750084E-003;
2.449333333333334E+009;7.582532614469528E-002;-1.649684160947800E-001;-4.318597202654928E-004;-5.734056234359741E-003;
2.449500000000000E+009;7.431889325380325E-002;-1.644861102104187E-001;-5.154329701326788E-004;-5.659977905452251E-003;
2.449666666666667E+009;7.251960039138794E-002;-1.638540327548981E-001;-6.627739057876170E-004;-5.696085281670094E-003;
2.449833333333334E+009;7.086190581321716E-002;-1.637294441461563E-001;-1.057612476870418E-003;-5.711082369089127E-003;
2.450000000000000E+009;6.882341206073761E-002;-1.634019017219544E-001;-1.178183592855930E-003;-5.488764028996229E-003;
2.450166666666667E+009;6.699299067258835E-002;-1.632828861474991E-001;-1.268787658773363E-003;-5.542020779103041E-003;
2.450333333333334E+009;6.502109766006470E-002;-1.630521714687347E-001;-1.396387349814177E-003;-5.513677373528481E-003;
2.450500000000000E+009;6.304860115051270E-002;-1.630761325359345E-001;-1.594434608705342E-003;-5.408910568803549E-003;
2.450666666666667E+009;6.098299100995064E-002;-1.630572229623795E-001;-1.844480866566300E-003;-5.405888892710209E-003;
2.450833333333334E+009;5.909540504217148E-002;-1.633170545101166E-001;-1.983216730877757E-003;-5.393892992287874E-003;
2.451000000000000E+009;5.699859932065010E-002;-1.634958535432816E-001;-2.120216377079487E-003;-5.313983652740717E-003;
2.451166666666667E+009;5.528620630502701E-002;-1.638552844524384E-001;-2.216459484770894E-003;-5.276456475257874E-003;
2.451333333333334E+009;5.325532332062721E-002;-1.644024550914764E-001;-2.493350766599178E-003;-5.289698019623756E-003;
2.451500000000000E+009;5.169448629021645E-002;-1.650308370590210E-001;-2.638346049934626E-003;-5.138054490089417E-003;
2.451666666666667E+009;4.985785484313965E-002;-1.656909584999085E-001;-2.875699661672115E-003;-5.162188317626715E-003;
2.451833333333334E+009;4.796386882662773E-002;-1.666927188634872E-001;-3.047548700124025E-003;-5.040696822106838E-003;
2.452000000000000E+009;4.637369140982628E-002;-1.675348877906799E-001;-3.265635343268514E-003;-4.940027371048927E-003;
2.452166666666667E+009;4.500539600849152E-002;-1.686841696500778E-001;-3.549907822161913E-003;-4.759038798511028E-003;
2.452333333333334E+009;4.366564378142357E-002;-1.696380525827408E-001;-3.610650077462196E-003;-4.766312427818775E-003;
2.452500000000000E+009;4.229740053415299E-002;-1.710564345121384E-001;-3.883765079081059E-003;-4.730905871838331E-003;
2.452666666666667E+009;4.097633063793182E-002;-1.722393631935120E-001;-4.124600905925036E-003;-4.463349003344774E-003;
2.452833333333334E+009;3.988413512706757E-002;-1.736303567886353E-001;-4.404322244226933E-003;-4.333765711635351E-003;
2.453000000000000E+009;3.889027237892151E-002;-1.749338209629059E-001;-4.536515101790428E-003;-4.070273134857416E-003;
2.453166666666667E+009;3.791733458638191E-002;-1.763919442892075E-001;-4.503723233938217E-003;-3.902439959347248E-003;
2.453333333333334E+009;3.712679818272591E-002;-1.777711659669876E-001;-4.834454972296953E-003;-3.690272336825728E-003;
2.453500000000000E+009;3.646834194660187E-002;-1.793303191661835E-001;-4.972166847437620E-003;-3.326401580125094E-003;
2.453666666666667E+009;3.605511784553528E-002;-1.808854937553406E-001;-5.056306254118681E-003;-3.128107171505690E-003;
2.453833333333334E+009;3.545887023210526E-002;-1.820156425237656E-001;-5.241055972874165E-003;-2.879741601645947E-003;
2.454000000000000E+009;3.516352549195290E-002;-1.834063977003098E-001;-5.430020391941071E-003;-2.435772214084864E-003;
2.454166666666667E+009;3.497784957289696E-002;-1.848526149988174E-001;-5.284802522510290E-003;-2.237132051959634E-003;
2.454333333333334E+009;3.481778129935265E-002;-1.861786693334580E-001;-5.397883709520102E-003;-2.023366047069430E-003;
2.454500000000000E+009;3.488964214920998E-002;-1.872353106737137E-001;-5.398020148277283E-003;-1.792285940609872E-003;
2.454666666666667E+009;3.494528681039810E-002;-1.883936822414398E-001;-5.315266549587250E-003;-1.453762641176581E-003;
2.454833333333334E+009;3.514299541711807E-002;-1.895347684621811E-001;-5.310780368745327E-003;-1.319989562034607E-003;
2.455000000000000E+009;3.543685004115105E-002;-1.906373351812363E-001;-5.181719083338976E-003;-1.086909440346062E-003;
2.455166666666667E+009;3.578301519155502E-002;-1.915334612131119E-001;-5.209837574511766E-003;-7.872782298363745E-004;
2.455333333333334E+009;3.618698194622994E-002;-1.923874020576477E-001;-5.304998718202114E-003;-6.623747176490724E-004;
2.455500000000000E+009;3.671619668602943E-002;-1.930708438158035E-001;-5.141533911228180E-003;-3.931880346499383E-004;
2.455666666666667E+009;3.720918670296669E-002;-1.936209946870804E-001;-5.138224456459284E-003;-1.678890112088993E-004;
2.455833333333334E+009;3.771182522177696E-002;-1.942837834358215E-001;-5.199095234274864E-003;-9.241521183867008E-005;
2.456000000000000E+009;3.825461119413376E-002;-1.945435255765915E-001;-4.925439134240151E-003;1.169536408269778E-004;
2.456166666666667E+009;3.865635395050049E-002;-1.949581205844879E-001;-4.782095085829496E-003;4.599176754709333E-004;
2.456333333333334E+009;3.906578570604324E-002;-1.950797587633133E-001;-4.838646855205298E-003;4.599425301421434E-004;
2.456500000000000E+009;3.934939205646515E-002;-1.951150149106979E-001;-4.791451618075371E-003;6.146467640064657E-004;
2.456666666666667E+009;3.976439684629440E-002;-1.951395422220230E-001;-4.765885416418314E-003;8.377804188057780E-004;
2.456833333333334E+009;3.999375924468041E-002;-1.948122978210449E-001;-4.662518389523029E-003;9.689812432043254E-004;
2.457000000000000E+009;4.022652655839920E-002;-1.945080310106278E-001;-4.537691827863455E-003;1.246946630999446E-003;
2.457166666666667E+009;4.021698608994484E-002;-1.941636800765991E-001;-4.236392676830292E-003;1.258647767826915E-003;
2.457333333333334E+009;4.038208350539208E-002;-1.936672329902649E-001;-4.221163690090179E-003;1.500565675087273E-003;
2.457500000000000E+009;4.021891951560974E-002;-1.928280442953110E-001;-4.113888368010521E-003;1.684954855591059E-003;
2.457666666666667E+009;3.998857736587524E-002;-1.920277476310730E-001;-3.940607886761427E-003;1.788095105439425E-003;
2.457833333333334E+009;3.961233794689179E-002;-1.912138313055039E-001;-3.881343873217702E-003;1.759923296049237E-003;
2.458000000000000E+009;3.922897949814796E-002;-1.902212053537369E-001;-3.769058035686612E-003;1.938423840329051E-003;
2.458166666666667E+009;3.883161768317223E-002;-1.889933198690414E-001;-3.574720583856106E-003;2.024040091782808E-003;
2.458333333333334E+009;3.809922188520432E-002;-1.880023032426834E-001;-3.350091865286231E-003;2.077044453471899E-003;
2.458500000000000E+009;3.735316172242165E-002;-1.866984218358994E-001;-3.184927627444267E-003;2.109673339873552E-003;
2.458666666666667E+009;3.659803047776222E-002;-1.855499595403671E-001;-3.060679649934173E-003;2.244263887405396E-003;
2.458833333333334E+009;3.551713377237320E-002;-1.842071115970612E-001;-3.039710456505418E-003;2.122165635228157E-003;
2.459000000000000E+009;3.439969196915627E-002;-1.828180104494095E-001;-2.915012184530497E-003;2.191263251006603E-003;
2.459166666666667E+009;3.309515863656998E-002;-1.816753447055817E-001;-2.752427244558930E-003;2.182246185839176E-003;
2.459333333333334E+009;3.167132660746574E-002;-1.803450733423233E-001;-2.740691183134913E-003;2.097413875162602E-003;
2.459500000000000E+009;3.014787659049034E-002;-1.790477484464645E-001;-2.635079436004162E-003;2.150009851902723E-003;
2.459666666666667E+009;2.867574803531170E-002;-1.778828054666519E-001;-2.554076025262475E-003;2.086166292428970E-003;
2.459833333333334E+009;2.709425799548626E-002;-1.767176985740662E-001;-2.561341039836407E-003;2.106871455907822E-003;
2.460000000000000E+009;2.520766481757164E-002;-1.757845878601074E-001;-2.382371574640274E-003;2.162236254662275E-003;
2.460166666666667E+009;2.306286990642548E-002;-1.747669130563736E-001;-2.425809623673558E-003;1.944651245139539E-003;
2.460333333333334E+009;2.117545716464520E-002;-1.737642884254456E-001;-2.305257599800825E-003;2.181449439376593E-003;
2.460500000000000E+009;1.919144019484520E-002;-1.731418073177338E-001;-2.262928755953908E-003;2.104429062455893E-003;
2.460666666666667E+009;1.698508113622665E-002;-1.723640412092209E-001;-2.349076792597771E-003;2.163600875064731E-003;
2.460833333333334E+009;1.469602435827255E-002;-1.719345003366470E-001;-2.145760226994753E-003;2.194523811340332E-003;
2.461000000000000E+009;1.249096076935530E-002;-1.714725643396378E-001;-2.249696990475059E-003;2.209493191912770E-003;
2.461166666666667E+009;9.822363965213299E-003;-1.712130904197693E-001;-2.154939807951450E-003;2.161636250093579E-003;
2.461333333333334E+009;7.641885895282030E-003;-1.710936874151230E-001;-2.190555213019252E-003;2.197669586166740E-003;
2.461500000000000E+009;5.120058078318834E-003;-1.711316108703613E-001;-1.995464088395238E-003;2.218272536993027E-003;
2.461666666666667E+009;2.739829942584038E-003;-1.712388545274735E-001;-2.000722102820873E-003;2.137901028618217E-003;
2.461833333333334E+009;1.628326026548166E-005;-1.715141087770462E-001;-2.070969901978970E-003;2.198927802965045E-003;
2.462000000000000E+009;-2.204190939664841E-003;-1.717595756053925E-001;-2.079755067825317E-003;2.200325950980187E-003;
2.462166666666667E+009;-4.771176725625992E-003;-1.724889427423477E-001;-2.180476207286120E-003;2.104660030454397E-003;
2.462333333333334E+009;-7.368167862296104E-003;-1.728135794401169E-001;-1.982693094760180E-003;2.198055153712630E-003;
2.462500000000000E+009;-9.841452352702618E-003;-1.735915690660477E-001;-2.212156774476171E-003;2.185912802815437E-003;
2.462666666666667E+009;-1.207464933395386E-002;-1.742501556873322E-001;-2.256067702546716E-003;2.079852623865008E-003;
2.462833333333334E+009;-1.436313055455685E-002;-1.751206219196320E-001;-2.237429609522224E-003;2.302222885191441E-003;
2.463000000000000E+009;-1.657882146537304E-002;-1.759287565946579E-001;-2.363434992730618E-003;2.324754372239113E-003;
2.463166666666667E+009;-1.860392279922962E-002;-1.767782568931580E-001;-2.367876935750246E-003;2.456230577081442E-003;
2.463333333333334E+009;-2.054644189774990E-002;-1.778410673141480E-001;-2.378832316026092E-003;2.532066078856587E-003;
2.463500000000000E+009;-2.242449298501015E-002;-1.788333952426910E-001;-2.403920050710440E-003;2.716211136430502E-003;
2.463666666666667E+009;-2.424144186079502E-002;-1.798628270626068E-001;-2.570200711488724E-003;2.956888172775507E-003;
2.463833333333334E+009;-2.576310373842716E-002;-1.805614382028580E-001;-2.295560669153929E-003;3.109436249360442E-003;
2.464000000000000E+009;-2.707339078187943E-002;-1.816965341567993E-001;-2.199484268203378E-003;3.482660744339228E-003;
2.464166666666667E+009;-2.839655801653862E-002;-1.823712736368179E-001;-2.112036338075995E-003;3.658384317532182E-003;
2.464333333333334E+009;-2.952294796705246E-002;-1.835106164216995E-001;-2.077851444482803E-003;3.674292936921120E-003;
2.464500000000000E+009;-3.054638206958771E-002;-1.843402683734894E-001;-1.721012871712446E-003;3.826657542958856E-003;
2.464666666666667E+009;-3.139354661107063E-002;-1.851734668016434E-001;-1.559502677991986E-003;3.958534449338913E-003;
2.464833333333334E+009;-3.209398686885834E-002;-1.860361993312836E-001;-1.297195325605571E-003;4.021362867206335E-003;
2.465000000000000E+009;-3.267018496990204E-002;-1.866375207901001E-001;-1.093453262001276E-003;4.159871488809586E-003;
2.465166666666667E+009;-3.312000632286072E-002;-1.875229328870773E-001;-1.112566678784788E-003;4.172615241259337E-003;
2.465333333333334E+009;-3.346962854266167E-002;-1.880831718444824E-001;-8.849396836012602E-004;4.067126195877791E-003;
2.465500000000000E+009;-3.362942859530449E-002;-1.887167990207672E-001;-6.598970503546298E-004;4.147402476519346E-003;
2.465666666666667E+009;-3.393543139100075E-002;-1.891529858112335E-001;-5.059840623289347E-004;4.092247691005468E-003;
2.465833333333334E+009;-3.398373350501061E-002;-1.898120194673538E-001;-3.461999003775418E-004;3.995148465037346E-003;
2.466000000000000E+009;-3.418100252747536E-002;-1.899791657924652E-001;-2.919795224443078E-004;4.207718186080456E-003;
2.466166666666667E+009;-3.420611843466759E-002;-1.903721690177918E-001;-1.009400148177519E-004;4.127434920519590E-003;
2.466333333333334E+009;-3.409896790981293E-002;-1.904264241456986E-001;-1.416807936038822E-004;4.229627549648285E-003;
2.466500000000000E+009;-3.414649888873100E-002;-1.902957260608673E-001;1.145043715951033E-004;4.226423334330320E-003;
2.466666666666667E+009;-3.394859656691551E-002;-1.903545707464218E-001;2.627792418934405E-004;4.298286512494087E-003;
2.466833333333334E+009;-3.369451686739922E-002;-1.900359690189362E-001;4.277408297639340E-004;4.422347992658615E-003;
2.467000000000000E+009;-3.375148028135300E-002;-1.897955685853958E-001;5.508330068551004E-004;4.471709020435810E-003;
2.467166666666667E+009;-3.365994617342949E-002;-1.892817765474320E-001;7.606116123497486E-004;4.308810923248529E-003;
2.467333333333334E+009;-3.367590904235840E-002;-1.888370513916016E-001;1.073650666512549E-003;4.426054190844297E-003;
2.467500000000000E+009;-3.349786251783371E-002;-1.881051808595657E-001;1.226703054271638E-003;4.511988721787930E-003;
2.467666666666667E+009;-3.365047276020050E-002;-1.873563379049301E-001;1.479053986258805E-003;4.466186743229628E-003;
2.467833333333334E+009;-3.358679637312889E-002;-1.865611672401428E-001;1.608562190085650E-003;4.226055461913347E-003;
2.468000000000000E+009;-3.371073305606842E-002;-1.858984082937241E-001;1.905840705148876E-003;4.071970470249653E-003;
2.468166666666667E+009;-3.376243263483048E-002;-1.849227994680405E-001;2.168348524719477E-003;3.957491833716631E-003;
2.468333333333334E+009;-3.435636311769486E-002;-1.839760094881058E-001;2.376296091824770E-003;3.922221716493368E-003;
2.468500000000000E+009;-3.456414863467217E-002;-1.828418374061585E-001;2.459964482113719E-003;3.778006182983518E-003;
2.468666666666667E+009;-3.509640693664551E-002;-1.816956549882889E-001;2.820383990183473E-003;3.617747221142054E-003;
2.468833333333334E+009;-3.574788570404053E-002;-1.807329058647156E-001;2.921734703704715E-003;3.305403282865882E-003;
2.469000000000000E+009;-3.632659837603569E-002;-1.795141100883484E-001;3.093126229941845E-003;3.214059630408883E-003;
2.469166666666667E+009;-3.729578852653503E-002;-1.783643215894699E-001;2.939727157354355E-003;3.030123654752970E-003;
2.469333333333334E+009;-3.835298493504524E-002;-1.770342737436295E-001;3.092305501922965E-003;2.732445718720555E-003;
2.469500000000000E+009;-3.971120342612267E-002;-1.758129596710205E-001;3.249753732234240E-003;2.432094421237707E-003;
2.469666666666667E+009;-4.059292003512383E-002;-1.747713238000870E-001;3.345962613821030E-003;2.460716059431434E-003;
2.469833333333334E+009;-4.203444346785545E-002;-1.733924150466919E-001;3.324481425806880E-003;2.225700765848160E-003;
2.470000000000000E+009;-4.319832846522331E-002;-1.720667630434036E-001;3.325546160340309E-003;1.868371386080980E-003;
2.470166666666667E+009;-4.491877555847168E-002;-1.710425019264221E-001;3.424653550609946E-003;1.748374663293362E-003;
2.470333333333334E+009;-4.650660976767540E-002;-1.699987053871155E-001;3.178047947585583E-003;1.780044636689127E-003;
2.470500000000000E+009;-4.835714399814606E-002;-1.688353568315506E-001;3.195493947714567E-003;1.449474715627730E-003;
2.470666666666667E+009;-5.004553869366646E-002;-1.675667166709900E-001;3.216734156012535E-003;1.372167957015336E-003;
2.470833333333334E+009;-5.195788666605949E-002;-1.664359718561173E-001;3.086365526542068E-003;1.154679688625038E-003;
2.471000000000000E+009;-5.372044444084168E-002;-1.656250208616257E-001;3.079839749261737E-003;1.205912907607853E-003;
2.471166666666667E+009;-5.589097365736961E-002;-1.647160351276398E-001;3.060807706788182E-003;1.149943331256509E-003;
2.471333333333334E+009;-5.793027579784393E-002;-1.636390089988709E-001;3.058360423892736E-003;1.032935455441475E-003;
2.471500000000000E+009;-5.986376106739044E-002;-1.628590375185013E-001;2.986002480611205E-003;1.053504180163145E-003;
2.471666666666667E+009;-6.192767247557640E-002;-1.620794385671616E-001;2.973577007651329E-003;8.227369980886579E-004;
2.471833333333334E+009;-6.391101330518723E-002;-1.615869849920273E-001;2.989263273775578E-003;7.948809652589262E-004;
2.472000000000000E+009;-6.594862043857575E-002;-1.611294150352478E-001;2.973941387608647E-003;7.250467315316200E-004;
2.472166666666667E+009;-6.770274043083191E-002;-1.607452332973480E-001;2.897170139476657E-003;5.115430103614926E-004;
2.472333333333334E+009;-7.000779360532761E-002;-1.601001918315888E-001;2.929506357759237E-003;4.632111813407391E-004;
2.472500000000000E+009;-7.192737609148026E-002;-1.599960327148438E-001;2.911582589149475E-003;3.939852176699787E-004;
2.472666666666667E+009;-7.373300194740295E-002;-1.597968786954880E-001;2.817291999235749E-003;1.479089842177928E-004;
2.472833333333334E+009;-7.584144920110703E-002;-1.597067564725876E-001;2.751481719315052E-003;1.500508806202561E-004;
2.473000000000000E+009;-7.750706374645233E-002;-1.596813350915909E-001;2.754274755716324E-003;1.218066536239348E-004;
2.473166666666667E+009;-7.903323322534561E-002;-1.599961072206497E-001;2.657784381881356E-003;3.796784221776761E-005;
2.473333333333334E+009;-8.062726259231567E-002;-1.596875488758087E-001;2.447142265737057E-003;-6.770808977307752E-005;
2.473500000000000E+009;-8.236535638570786E-002;-1.599951386451721E-001;2.441701712086797E-003;-1.695154351182282E-004;
2.473666666666667E+009;-8.375935256481171E-002;-1.599742025136948E-001;2.271256875246763E-003;-7.299536810023710E-005;
2.473833333333334E+009;-8.514074981212616E-002;-1.603600531816483E-001;2.155954251065850E-003;-7.674181688344106E-005;
2.474000000000000E+009;-8.637664467096329E-002;-1.603862494230270E-001;2.368714893236756E-003;-4.240892667439766E-005;
2.474166666666667E+009;-8.761855214834213E-002;-1.607668250799179E-001;2.240696921944618E-003;-5.888699524803087E-005;
2.474333333333334E+009;-8.850948512554169E-002;-1.607904136180878E-001;2.102639060467482E-003;-1.498920173617080E-004;
2.474500000000000E+009;-8.962388336658478E-002;-1.610479354858398E-001;2.119825454428792E-003;-1.212924107676372E-004;
2.474666666666667E+009;-9.045494347810745E-002;-1.610415726900101E-001;2.128689549863339E-003;-9.380159463034943E-005;
2.474833333333334E+009;-9.094710648059845E-002;-1.611932516098023E-001;2.232724800705910E-003;-1.625399745535106E-004;
2.475000000000000E+009;-9.167524427175522E-002;-1.611521989107132E-001;2.121104625985026E-003;-1.530152949271724E-004;
2.475166666666667E+009;-9.240922331809998E-002;-1.611550897359848E-001;2.041163155809045E-003;-6.720504461554810E-005;
2.475333333333334E+009;-9.289719909429550E-002;-1.613194793462753E-001;2.067756373435259E-003;-9.208929986925796E-005;
2.475500000000000E+009;-9.309451282024384E-002;-1.613330394029617E-001;2.182831987738609E-003;-6.921842577867210E-005;
2.475666666666667E+009;-9.345148503780365E-002;-1.610531061887741E-001;2.021381165832281E-003;-1.318547438131645E-004;
2.475833333333334E+009;-9.394733607769013E-002;-1.608045846223831E-001;1.988292671740055E-003;-2.291232522111386E-004;
2.476000000000000E+009;-9.421267360448837E-002;-1.605733335018158E-001;2.051534596830607E-003;-1.113698635890614E-005;
2.476166666666667E+009;-9.441312402486801E-002;-1.600341796875000E-001;2.108036540448666E-003;-1.825834769988433E-004;
2.476333333333334E+009;-9.451302886009216E-002;-1.597146093845367E-001;1.936473418027163E-003;-1.922910596476868E-004;
2.476500000000000E+009;-9.463751316070557E-002;-1.590579897165299E-001;2.190709346905351E-003;-1.327437494182959E-004;
2.476666666666667E+009;-9.494660049676895E-002;-1.582395881414414E-001;2.129243221133947E-003;-1.538241194793955E-004;
2.476833333333334E+009;-9.507016092538834E-002;-1.575560569763184E-001;2.134872833266854E-003;-1.419078762410209E-004;
2.477000000000000E+009;-9.522701054811478E-002;-1.566313803195953E-001;2.153296023607254E-003;-7.185084541561082E-005;
2.477166666666667E+009;-9.558332711458206E-002;-1.556475460529327E-001;2.160464879125357E-003;-9.483581379754469E-005;
2.477333333333334E+009;-9.568527340888977E-002;-1.544111073017120E-001;2.233910374343395E-003;-1.535088376840577E-004;
2.477500000000000E+009;-9.605857729911804E-002;-1.531036049127579E-001;2.518423600122333E-003;-1.907210244098678E-004;
2.477666666666667E+009;-9.626512974500656E-002;-1.516540497541428E-001;2.519556321203709E-003;-2.433131885481998E-004;
2.477833333333334E+009;-9.678106009960175E-002;-1.503837406635284E-001;2.513115294277668E-003;-1.900553033920005E-004;
2.478000000000000E+009;-9.703935682773590E-002;-1.487640887498856E-001;2.574416110292077E-003;-4.089433641638607E-004;
2.478166666666667E+009;-9.738506376743317E-002;-1.472043693065643E-001;2.667216351255775E-003;-4.780933377332985E-004;
2.478333333333334E+009;-9.805823117494583E-002;-1.452894508838654E-001;2.671406837180257E-003;-5.222067702561617E-004;
2.478500000000000E+009;-9.861517697572708E-002;-1.436358094215393E-001;2.687547821551561E-003;-6.078862934373319E-004;
2.478666666666667E+009;-9.914246946573257E-002;-1.417382806539536E-001;2.805154537782073E-003;-5.515262600965798E-004;
2.478833333333334E+009;-9.983697533607483E-002;-1.399134993553162E-001;2.934667048975825E-003;-6.351048359647393E-004;
2.479000000000000E+009;-1.006290093064308E-001;-1.380457729101181E-001;2.807597862556577E-003;-8.057493832893670E-004;
2.479166666666667E+009;-1.014948338270187E-001;-1.360888034105301E-001;2.855703700333834E-003;-1.053280895575881E-003;
2.479333333333334E+009;-1.021315157413483E-001;-1.341637969017029E-001;3.006624290719628E-003;-1.164618181064725E-003;
2.479500000000000E+009;-1.033730953931809E-001;-1.323566883802414E-001;2.815182320773602E-003;-1.283806166611612E-003;
2.479666666666667E+009;-1.044323369860649E-001;-1.304201036691666E-001;2.955141942948103E-003;-1.505309599451721E-003;
2.479833333333334E+009;-1.055967658758164E-001;-1.285324096679688E-001;2.936305711045861E-003;-1.539978082291782E-003;
2.480000000000000E+009;-1.067816019058228E-001;-1.267583519220352E-001;2.938939724117518E-003;-1.771700102835894E-003;
2.480166666666667E+009;-1.081379503011704E-001;-1.251307278871536E-001;2.765612443909049E-003;-1.855893991887569E-003;
2.480333333333334E+009;-1.094207242131233E-001;-1.232336759567261E-001;2.821486210450530E-003;-2.189013175666332E-003;
2.480500000000000E+009;-1.109641641378403E-001;-1.217411309480667E-001;2.717425813898444E-003;-2.306492766365409E-003;
2.480666666666667E+009;-1.124757975339890E-001;-1.201874241232872E-001;2.588883973658085E-003;-2.338093006983399E-003;
2.480833333333334E+009;-1.140660718083382E-001;-1.190204471349716E-001;2.416467526927590E-003;-2.399027580395341E-003;
2.481000000000000E+009;-1.158600449562073E-001;-1.176903694868088E-001;2.213794039562345E-003;-2.617420628666878E-003;
2.481166666666667E+009;-1.174285337328911E-001;-1.164717748761177E-001;2.184220356866717E-003;-2.598834922537208E-003;
2.481333333333334E+009;-1.192797049880028E-001;-1.155331581830978E-001;2.188049023970962E-003;-2.666570013388991E-003;
2.481500000000000E+009;-1.211608871817589E-001;-1.144588291645050E-001;1.995832426473498E-003;-2.542603993788362E-003;
2.481666666666667E+009;-1.228347867727280E-001;-1.137162372469902E-001;1.870783511549234E-003;-2.652496099472046E-003;
2.481833333333334E+009;-1.245637610554695E-001;-1.127793192863464E-001;1.892323023639619E-003;-2.748821396380663E-003;
2.482000000000000E+009;-1.264196038246155E-001;-1.122326925396919E-001;1.724422443658114E-003;-2.732557710260153E-003;
2.482166666666667E+009;-1.282644867897034E-001;-1.116292253136635E-001;1.702066045254469E-003;-2.794627333059907E-003;
2.482333333333334E+009;-1.301486194133759E-001;-1.112442463636398E-001;1.651068683713675E-003;-2.892635064199567E-003;
2.482500000000000E+009;-1.317794173955917E-001;-1.110108196735382E-001;1.788112451322377E-003;-2.905674977228046E-003;
2.482666666666667E+009;-1.336005032062531E-001;-1.105272248387337E-001;1.737885642796755E-003;-3.106530522927642E-003;
2.482833333333334E+009;-1.350931525230408E-001;-1.101585403084755E-001;1.637160428799689E-003;-3.202456049621105E-003;
2.483000000000000E+009;-1.366160064935684E-001;-1.101796776056290E-001;1.580510055646300E-003;-3.129001241177321E-003;
2.483166666666667E+009;-1.382543444633484E-001;-1.100606992840767E-001;1.436858787201345E-003;-3.374720690771937E-003;
2.483333333333334E+009;-1.394779682159424E-001;-1.102213114500046E-001;1.459321472793818E-003;-3.554361872375011E-003;
2.483500000000000E+009;-1.407356858253479E-001;-1.101059392094612E-001;1.291606342419982E-003;-3.740044310688973E-003;
2.483666666666667E+009;-1.419806778430939E-001;-1.102065667510033E-001;1.078605186194181E-003;-3.782931948080659E-003;
2.483833333333334E+009;-1.430123150348663E-001;-1.100904792547226E-001;9.738512453623116E-004;-4.079447593539953E-003;
2.484000000000000E+009;-1.439969539642334E-001;-1.103259921073914E-001;6.693797768093646E-004;-3.949397243559361E-003;
2.484166666666667E+009;-1.450003832578659E-001;-1.101862862706184E-001;5.526785971596837E-004;-4.004338290542364E-003;
2.484333333333334E+009;-1.455707997083664E-001;-1.104855164885521E-001;2.078740217257291E-004;-4.068209324032068E-003;
2.484500000000000E+009;-1.461622267961502E-001;-1.103184521198273E-001;5.455225164041622E-006;-4.153905902057886E-003;
2.484666666666667E+009;-1.467111706733704E-001;-1.104291751980782E-001;-1.481964136473835E-004;-3.927995916455984E-003;
2.484833333333334E+009;-1.471758633852005E-001;-1.103016287088394E-001;-4.204791912343353E-004;-3.865086939185858E-003;
2.485000000000000E+009;-1.471675187349320E-001;-1.103110536932945E-001;-5.207622307352722E-004;-3.927422221750021E-003;
2.485166666666667E+009;-1.473864763975143E-001;-1.101597547531128E-001;-8.360765059478581E-004;-3.869263920933008E-003;
2.485333333333334E+009;-1.474012285470963E-001;-1.100869923830032E-001;-9.393147192895412E-004;-3.622121177613735E-003;
2.485500000000000E+009;-1.473227441310883E-001;-1.096239984035492E-001;-1.108394353650510E-003;-3.669438418000937E-003;
2.485666666666667E+009;-1.471559852361679E-001;-1.093564331531525E-001;-1.277948380447924E-003;-3.582592355087400E-003;
2.485833333333334E+009;-1.468947827816010E-001;-1.088554859161377E-001;-1.492530107498169E-003;-3.360179252922535E-003;
2.486000000000000E+009;-1.466248482465744E-001;-1.082474142313004E-001;-1.535885850898922E-003;-3.206483786925674E-003;
2.486166666666667E+009;-1.463255137205124E-001;-1.076059639453888E-001;-1.413105754181743E-003;-3.218583762645721E-003;
2.486333333333334E+009;-1.458313912153244E-001;-1.067963019013405E-001;-1.728117000311613E-003;-3.161421976983547E-003;
2.486500000000000E+009;-1.454449892044067E-001;-1.059540212154388E-001;-1.772117684595287E-003;-3.082594601437450E-003;
2.486666666666667E+009;-1.448391973972321E-001;-1.050081327557564E-001;-1.720354659482837E-003;-3.060171613469720E-003;
2.486833333333334E+009;-1.445609331130981E-001;-1.038075536489487E-001;-1.945186988450587E-003;-2.894325880333781E-003;
2.487000000000000E+009;-1.439956426620483E-001;-1.027243882417679E-001;-1.892772037535906E-003;-2.800531452521682E-003;
2.487166666666667E+009;-1.437557339668274E-001;-1.013538613915443E-001;-2.127752406522632E-003;-2.848035190254450E-003;
2.487333333333334E+009;-1.431474685668945E-001;-9.968282282352448E-002;-2.102689351886511E-003;-2.568841679021716E-003;
2.487500000000000E+009;-1.427774876356125E-001;-9.821097552776337E-002;-2.205407246947289E-003;-2.486899029463530E-003;
2.487666666666667E+009;-1.424507498741150E-001;-9.636700898408890E-002;-2.276746323332191E-003;-2.360288985073566E-003;
2.487833333333334E+009;-1.422116309404373E-001;-9.433135390281677E-002;-2.315948484465480E-003;-2.352775540202856E-003;
2.488000000000000E+009;-1.417531520128250E-001;-9.256468713283539E-002;-2.477371599525213E-003;-2.242412883788347E-003;
2.488166666666667E+009;-1.417949646711350E-001;-9.056544303894043E-002;-2.505660289898515E-003;-2.166556427255273E-003;
2.488333333333334E+009;-1.414915770292282E-001;-8.827555179595947E-002;-2.567175775766373E-003;-2.004877664148808E-003;
2.488500000000000E+009;-1.417429447174072E-001;-8.616851270198822E-002;-2.660827245563269E-003;-1.989210024476051E-003;
2.488666666666667E+009;-1.417261660099030E-001;-8.373171836137772E-002;-2.810176694765687E-003;-1.782206702046096E-003;
2.488833333333334E+009;-1.418774574995041E-001;-8.132651448249817E-002;-2.845560666173697E-003;-1.619180664420128E-003;
2.489000000000000E+009;-1.421513706445694E-001;-7.910756021738052E-002;-2.743366640061140E-003;-1.541014295071363E-003;
2.489166666666667E+009;-1.426457613706589E-001;-7.657429575920105E-002;-2.876587677747011E-003;-1.332439249381423E-003;
2.489333333333334E+009;-1.431901007890701E-001;-7.402198761701584E-002;-2.704506972804666E-003;-1.270647393539548E-003;
2.489500000000000E+009;-1.438328176736832E-001;-7.143475115299225E-002;-2.776408800855279E-003;-9.562750929035246E-004;
2.489666666666667E+009;-1.446324437856674E-001;-6.885804980993271E-002;-2.844658680260181E-003;-1.026267302222550E-003;
2.489833333333334E+009;-1.457517296075821E-001;-6.613484770059586E-002;-2.907088724896312E-003;-8.664266206324101E-004;
2.490000000000000E+009;-1.466563045978546E-001;-6.378826498985291E-002;-2.777807647362351E-003;-7.046423270367086E-004;
2.490166666666667E+009;-1.479828506708145E-001;-6.093776971101761E-002;-2.669486915692687E-003;-6.933101103641093E-004;
2.490333333333334E+009;-1.489322185516357E-001;-5.850977823138237E-002;-2.614433411508799E-003;-5.768534028902650E-004;
2.490500000000000E+009;-1.506356000900269E-001;-5.603978037834168E-002;-2.543120877817273E-003;-4.052105359733105E-004;
2.490666666666667E+009;-1.519960463047028E-001;-5.340269953012466E-002;-2.595694502815604E-003;-3.500233869999647E-004;
2.490833333333334E+009;-1.536047160625458E-001;-5.098961666226387E-002;-2.463500015437603E-003;-4.335949488449842E-004;
2.491000000000000E+009;-1.552229076623917E-001;-4.868189990520477E-002;-2.334875287488103E-003;-2.053469506790862E-004;
2.491166666666667E+009;-1.566511392593384E-001;-4.623711481690407E-002;-2.434574067592621E-003;-2.747736580204219E-004;
2.491333333333334E+009;-1.583867669105530E-001;-4.402580857276917E-002;-2.356103854253888E-003;-2.254096616525203E-004;
2.491500000000000E+009;-1.601976901292801E-001;-4.200606048107147E-002;-2.161531941965222E-003;-2.312076103407890E-004;
2.491666666666667E+009;-1.619693040847778E-001;-3.991972655057907E-002;-2.225191565230489E-003;-1.913245214382187E-004;
2.491833333333334E+009;-1.638468950986862E-001;-3.797810897231102E-002;-2.178380498662591E-003;-1.407720992574468E-004;
2.492000000000000E+009;-1.655428260564804E-001;-3.618324920535088E-002;-2.138129435479641E-003;-2.473483618814498E-004;
2.492166666666667E+009;-1.673290282487869E-001;-3.461946174502373E-002;-2.126511186361313E-003;-9.981509356293827E-005;
2.492333333333334E+009;-1.689093410968781E-001;-3.302090987563133E-002;-2.137656323611736E-003;-1.265920582227409E-004;
2.492500000000000E+009;-1.706589609384537E-001;-3.163629025220871E-002;-2.068215282633901E-003;-9.736542415339500E-005;
2.492666666666667E+009;-1.721483021974564E-001;-3.016847372055054E-002;-2.090201014652848E-003;-5.435333878267556E-005;
2.492833333333334E+009;-1.736175417900085E-001;-2.898637019097805E-002;-1.954505452886224E-003;-2.693254791665822E-004;
2.493000000000000E+009;-1.749636679887772E-001;-2.783188037574291E-002;-2.126180566847324E-003;-3.172773576807231E-004;
2.493166666666667E+009;-1.764719188213348E-001;-2.700979635119438E-002;-1.820597681216896E-003;-1.705382019281387E-004;
2.493333333333334E+009;-1.775722503662109E-001;-2.610939368605614E-002;-1.979334978386760E-003;-3.462470194790512E-004;
2.493500000000000E+009;-1.787329316139221E-001;-2.529192529618740E-002;-2.066637622192502E-003;-2.124395541613922E-004;
2.493666666666667E+009;-1.795801818370819E-001;-2.450285851955414E-002;-2.232213038951159E-003;-3.576432063709945E-004;
2.493833333333334E+009;-1.804826408624649E-001;-2.400303445756435E-002;-2.362769562751055E-003;-4.488742270041257E-004;
2.494000000000000E+009;-1.810061186552048E-001;-2.345540747046471E-002;-2.563396468758583E-003;-4.136610368732363E-004;
2.494166666666667E+009;-1.814623773097992E-001;-2.290098927915096E-002;-2.567761112004519E-003;-3.453764365985990E-004;
2.494333333333334E+009;-1.817271858453751E-001;-2.267241850495338E-002;-2.621731953695417E-003;-2.949530899059027E-004;
2.494500000000000E+009;-1.818197816610336E-001;-2.220578677952290E-002;-2.787013305351138E-003;-1.317927672062069E-004;
2.494666666666667E+009;-1.819944977760315E-001;-2.180738188326359E-002;-2.907110843807459E-003;-1.493588570156135E-005;
2.494833333333334E+009;-1.820181459188461E-001;-2.150585874915123E-002;-3.007834311574698E-003;1.939924986800179E-004;
2.495000000000000E+009;-1.819257736206055E-001;-2.121360041201115E-002;-3.039878094568849E-003;3.103282360825688E-004;
2.495166666666667E+009;-1.816063523292542E-001;-2.098527550697327E-002;-2.983491634950042E-003;5.963424919173122E-004;
2.495333333333334E+009;-1.812142282724381E-001;-2.037876658141613E-002;-2.999106189236045E-003;8.310867124237120E-004;
2.495500000000000E+009;-1.808480024337769E-001;-1.990530639886856E-002;-3.125258721411228E-003;7.991851889528334E-004;
2.495666666666667E+009;-1.799551546573639E-001;-1.945633627474308E-002;-3.040602896362543E-003;1.000746968202293E-003;
2.495833333333334E+009;-1.793927252292633E-001;-1.881726831197739E-002;-3.084610449150205E-003;1.083395676687360E-003;
2.496000000000000E+009;-1.785920560359955E-001;-1.811661384999752E-002;-2.903350628912449E-003;1.388554461300373E-003;
2.496166666666667E+009;-1.777549237012863E-001;-1.744755357503891E-002;-2.856370992958546E-003;1.398635446093977E-003;
2.496333333333334E+009;-1.769787222146988E-001;-1.651697233319283E-002;-2.654390176758170E-003;1.557823503389955E-003;
2.496500000000000E+009;-1.759022772312164E-001;-1.552818808704615E-002;-2.810223260894418E-003;1.605091150850058E-003;
2.496666666666667E+009;-1.749427914619446E-001;-1.423134841024876E-002;-2.671517897397280E-003;1.643155817873776E-003;
2.496833333333334E+009;-1.737148165702820E-001;-1.289447117596865E-002;-2.583037130534649E-003;1.810691668651998E-003;
2.497000000000000E+009;-1.725487262010574E-001;-1.141532044857740E-002;-2.474946202710271E-003;2.075987169519067E-003;
2.497166666666667E+009;-1.712834239006043E-001;-9.860518388450146E-003;-2.514468971639872E-003;2.062882762402296E-003;
2.497333333333334E+009;-1.700307428836823E-001;-7.930837571620941E-003;-2.285978524014354E-003;2.206816105172038E-003;
2.497500000000000E+009;-1.688104569911957E-001;-6.206659134477377E-003;-2.225947100669146E-003;2.156700240448117E-003;
2.497666666666667E+009;-1.676106005907059E-001;-4.203373566269875E-003;-2.108788350597024E-003;2.273776568472385E-003;
2.497833333333334E+009;-1.664041429758072E-001;-2.092189388349652E-003;-2.079311525449157E-003;2.532837446779013E-003;
2.498000000000000E+009;-1.653618365526199E-001;2.384559957135934E-005;-2.081905724480748E-003;2.511659869924188E-003;
2.498166666666667E+009;-1.641676276922226E-001;2.294626552611589E-003;-1.991780009120703E-003;2.495783148333430E-003;
2.498333333333334E+009;-1.631470769643784E-001;4.987208172678947E-003;-1.809279085136950E-003;2.713156631216407E-003;
2.498500000000000E+009;-1.621983945369721E-001;7.452327758073807E-003;-1.799611840397120E-003;2.611924195662141E-003;
2.498666666666667E+009;-1.613848507404327E-001;1.015460863709450E-002;-1.630839891731739E-003;2.928577596321702E-003;
2.498833333333334E+009;-1.606397330760956E-001;1.286226697266102E-002;-1.410576980561018E-003;2.783284522593021E-003;
2.499000000000000E+009;-1.598435342311859E-001;1.561552379280329E-002;-1.480832928791642E-003;2.916883677244186E-003;
2.499166666666667E+009;-1.594763845205307E-001;1.867893710732460E-002;-1.218066900037229E-003;3.128631971776485E-003;
2.499333333333334E+009;-1.587196588516235E-001;2.175964415073395E-002;-1.104273484088481E-003;3.177284495905042E-003;
2.499500000000000E+009;-1.586936265230179E-001;2.475946210324764E-002;-1.071776379831135E-003;3.210964612662792E-003;
2.499666666666667E+009;-1.582256704568863E-001;2.767529711127281E-002;-8.842819952405989E-004;3.271623747423291E-003;
2.499833333333334E+009;-1.582342237234116E-001;3.087889589369297E-002;-7.371666142717004E-004;3.419678658246994E-003;
2.500000000000000E+009;-1.581917405128479E-001;3.373856097459793E-002;-5.974479718133807E-004;3.408713266253471E-003;
