# Version 1.00
#
freq[Hz];re:Trc1_S11;im:Trc1_S11;re:Trc2_S21;im:Trc2_S21;
2.400000000000000E+009;1.733563393354416E-001;4.941936954855919E-002;5.273815244436264E-003;3.456258447840810E-003;
2.400166666666667E+009;1.739799082279205E-001;4.902043938636780E-002;5.431148689240217E-003;3.315445268526673E-003;
2.400333333333334E+009;1.742445081472397E-001;4.824114218354225E-002;5.654275882989168E-003;3.102361457422376E-003;
2.400500000000000E+009;1.746828407049179E-001;4.762381315231323E-002;5.777603480964899E-003;2.944181673228741E-003;
2.400666666666667E+009;1.748453527688980E-001;4.679862037301064E-002;5.647616926580668E-003;2.776781795546413E-003;
2.400833333333334E+009;1.751479059457779E-001;4.632867500185967E-002;5.942219402641058E-003;2.387149957939982E-003;
2.401000000000000E+009;1.752933710813522E-001;4.562943428754807E-002;5.992880556732416E-003;2.271186094731093E-003;
2.401166666666667E+009;1.753953695297241E-001;4.497836530208588E-002;6.017801351845264E-003;2.107486827298999E-003;
2.401333333333334E+009;1.753750741481781E-001;4.423255473375320E-002;6.172812078148127E-003;1.960178837180138E-003;
2.401500000000000E+009;1.755555719137192E-001;4.366097599267960E-002;6.400094367563725E-003;1.680598827078939E-003;
2.401666666666667E+009;1.753539443016052E-001;4.289542511105537E-002;6.424459628760815E-003;1.465588458813727E-003;
2.401833333333334E+009;1.752117276191711E-001;4.205208271741867E-002;6.372055504471064E-003;1.308985170908272E-003;
2.402000000000000E+009;1.749244183301926E-001;4.117950424551964E-002;6.536396220326424E-003;9.901683079078794E-004;
2.402166666666667E+009;1.746886819601059E-001;4.014923050999641E-002;6.484345532953739E-003;6.455977563746274E-004;
2.402333333333334E+009;1.744313538074493E-001;3.914964199066162E-002;6.676319055259228E-003;6.924294866621494E-004;
2.402500000000000E+009;1.745142489671707E-001;3.802229091525078E-002;6.673864088952541E-003;1.364882045891136E-004;
2.402666666666667E+009;1.740907728672028E-001;3.699535503983498E-002;6.583673413842917E-003;-1.116940547944978E-004;
2.402833333333334E+009;1.737408488988876E-001;3.586813807487488E-002;6.780631374567747E-003;-3.681651432998478E-004;
2.403000000000000E+009;1.733587682247162E-001;3.456275165081024E-002;6.715917494148016E-003;-5.932606873102486E-004;
2.403166666666667E+009;1.730614751577377E-001;3.304811939597130E-002;6.641231011599302E-003;-9.999405592679977E-004;
2.403333333333334E+009;1.726233959197998E-001;3.195453062653542E-002;6.556293927133083E-003;-1.295472495257855E-003;
2.403500000000000E+009;1.722764223814011E-001;3.009869158267975E-002;6.467730272561312E-003;-1.673362334258854E-003;
2.403666666666667E+009;1.720281094312668E-001;2.850339375436306E-002;6.338309962302446E-003;-1.841305522248149E-003;
2.403833333333334E+009;1.716935485601425E-001;2.679345756769180E-002;6.296355742961168E-003;-2.015859587118030E-003;
2.404000000000000E+009;1.712370067834854E-001;2.521209977567196E-002;6.124860607087612E-003;-2.355776960030198E-003;
2.404166666666667E+009;1.707606464624405E-001;2.308069169521332E-002;5.825871136039496E-003;-2.651630667969585E-003;
2.404333333333334E+009;1.705240309238434E-001;2.136428281664848E-002;5.622362717986107E-003;-2.947303699329495E-003;
2.404500000000000E+009;1.699633896350861E-001;1.936846598982811E-002;5.433215294033289E-003;-3.208957379683852E-003;
2.404666666666667E+009;1.698963046073914E-001;1.726452074944973E-002;5.273091141134501E-003;-3.371366066858172E-003;
2.404833333333334E+009;1.698476672172546E-001;1.542115677148104E-002;4.977474454790354E-003;-3.523097839206457E-003;
2.405000000000000E+009;1.697807163000107E-001;1.336660608649254E-002;4.800898954272270E-003;-3.731221193447709E-003;
2.405166666666667E+009;1.696977317333221E-001;1.120924670249224E-002;4.542865324765444E-003;-3.846387611702085E-003;
2.405333333333334E+009;1.695841401815414E-001;9.103830903768539E-003;4.245891701430082E-003;-3.864257596433163E-003;
2.405500000000000E+009;1.697980314493179E-001;7.218891754746437E-003;4.103719256818295E-003;-4.067795816808939E-003;
2.405666666666667E+009;1.698465347290039E-001;5.190538708120585E-003;3.806162858381867E-003;-4.107951652258635E-003;
2.405833333333334E+009;1.700932979583740E-001;3.300798591226339E-003;3.448689589276910E-003;-4.037267528474331E-003;
2.406000000000000E+009;1.703973859548569E-001;9.484355105087161E-004;3.266852581873536E-003;-4.186223726719618E-003;
2.406166666666667E+009;1.707463562488556E-001;-7.940229261294007E-004;3.005978651344776E-003;-4.158125258982182E-003;
2.406333333333334E+009;1.713045388460159E-001;-2.769345417618752E-003;2.978338859975338E-003;-4.236584994941950E-003;
2.406500000000000E+009;1.717647314071655E-001;-4.881334025412798E-003;2.785463584586978E-003;-4.110491834580898E-003;
2.406666666666667E+009;1.720638424158096E-001;-6.783107295632362E-003;2.608795417472720E-003;-4.120182245969772E-003;
2.406833333333334E+009;1.729224324226379E-001;-8.768956176936626E-003;2.604549517855048E-003;-4.034490324556828E-003;
2.407000000000000E+009;1.734994202852249E-001;-1.063454709947109E-002;2.420118777081370E-003;-4.052109550684691E-003;
2.407166666666667E+009;1.744196563959122E-001;-1.238645240664482E-002;2.448999322950840E-003;-4.066980909556150E-003;
2.407333333333334E+009;1.750734299421310E-001;-1.424252521246672E-002;2.339889062568545E-003;-4.069426562637091E-003;
2.407500000000000E+009;1.758859455585480E-001;-1.596011966466904E-002;2.235052175819874E-003;-4.044449422508478E-003;
2.407666666666667E+009;1.766002625226975E-001;-1.763588190078735E-002;2.384152030572295E-003;-4.099676851183176E-003;
2.407833333333334E+009;1.771429926156998E-001;-1.931679435074329E-002;2.272803336381912E-003;-4.290282726287842E-003;
2.408000000000000E+009;1.781836450099945E-001;-2.092594653367996E-002;2.126300008967519E-003;-4.442098550498486E-003;
2.408166666666667E+009;1.789397895336151E-001;-2.220660820603371E-002;2.187451114878058E-003;-4.531458485871553E-003;
2.408333333333334E+009;1.797867715358734E-001;-2.364327013492584E-002;2.018429804593325E-003;-4.698015749454498E-003;
2.408500000000000E+009;1.803982108831406E-001;-2.497700788080692E-002;1.813768292777240E-003;-4.736635833978653E-003;
2.408666666666667E+009;1.808387935161591E-001;-2.626778744161129E-002;1.709413947537541E-003;-4.963528364896774E-003;
2.408833333333334E+009;1.812324225902557E-001;-2.735236659646034E-002;1.546571147628129E-003;-5.036235321313143E-003;
2.409000000000000E+009;1.817772984504700E-001;-2.833125926554203E-002;1.325309975072742E-003;-5.072739906609058E-003;
2.409166666666667E+009;1.823054105043411E-001;-2.919740229845047E-002;1.027708523906767E-003;-5.060665775090456E-003;
2.409333333333334E+009;1.825827956199646E-001;-3.019113279879093E-002;8.047498995438218E-004;-5.246219225227833E-003;
2.409500000000000E+009;1.829416304826737E-001;-3.091489896178246E-002;6.070031668059528E-004;-5.357849877327681E-003;
2.409666666666667E+009;1.832337379455566E-001;-3.132932633161545E-002;3.028195351362228E-004;-5.332640837877989E-003;
2.409833333333334E+009;1.834014356136322E-001;-3.190881386399269E-002;8.650034578749910E-005;-5.218519363552332E-003;
2.410000000000000E+009;1.836988776922226E-001;-3.227025642991066E-002;1.650682133913506E-005;-5.255257245153189E-003;
2.410166666666667E+009;1.837609857320786E-001;-3.274667635560036E-002;-3.440861764829606E-004;-5.324260797351599E-003;
2.410333333333334E+009;1.837031394243240E-001;-3.304741531610489E-002;-5.441436660476029E-004;-5.271899513900280E-003;
2.410500000000000E+009;1.837984174489975E-001;-3.335880860686302E-002;-6.693039322271943E-004;-5.136463791131973E-003;
2.410666666666667E+009;1.835874170064926E-001;-3.374563902616501E-002;-8.995878160931170E-004;-5.211045034229755E-003;
2.410833333333334E+009;1.834754049777985E-001;-3.384594619274139E-002;-1.220718491822481E-003;-5.102557130157948E-003;
2.411000000000000E+009;1.831715553998947E-001;-3.434607386589050E-002;-1.313329208642244E-003;-5.122215487062931E-003;
2.411166666666667E+009;1.829800605773926E-001;-3.456465527415276E-002;-1.527917687781155E-003;-5.026937928050757E-003;
2.411333333333334E+009;1.823058575391769E-001;-3.484699130058289E-002;-1.724185887724161E-003;-4.821728449314833E-003;
2.411500000000000E+009;1.816198229789734E-001;-3.534694761037827E-002;-1.955079147592187E-003;-4.810578655451536E-003;
2.411666666666667E+009;1.812751889228821E-001;-3.566743806004524E-002;-2.153249923139811E-003;-4.567530006170273E-003;
2.411833333333334E+009;1.805913746356964E-001;-3.599650412797928E-002;-2.489183098077774E-003;-4.678115714341402E-003;
2.412000000000000E+009;1.799091845750809E-001;-3.645319119095802E-002;-2.518003340810537E-003;-4.356947727501392E-003;
2.412166666666667E+009;1.787152588367462E-001;-3.704483062028885E-002;-2.686260733753443E-003;-4.489975050091744E-003;
2.412333333333334E+009;1.781634390354157E-001;-3.742749243974686E-002;-2.968691289424896E-003;-4.210738465189934E-003;
2.412500000000000E+009;1.768224537372589E-001;-3.796824440360069E-002;-3.124943934381008E-003;-3.982536029070616E-003;
2.412666666666667E+009;1.759393364191055E-001;-3.886829689145088E-002;-3.179687540978193E-003;-3.909708932042122E-003;
2.412833333333334E+009;1.747152358293533E-001;-3.959201276302338E-002;-3.543301485478878E-003;-3.522119717672467E-003;
2.413000000000000E+009;1.733873784542084E-001;-4.026533290743828E-002;-3.627800149843097E-003;-3.279228229075670E-003;
2.413166666666667E+009;1.720279455184937E-001;-4.104051738977432E-002;-3.910469356924295E-003;-3.083244664594531E-003;
2.413333333333334E+009;1.708686947822571E-001;-4.200581088662148E-002;-3.817290998995304E-003;-2.792718354612589E-003;
2.413500000000000E+009;1.696174144744873E-001;-4.317614808678627E-002;-3.827942535281181E-003;-2.542637055739760E-003;
2.413666666666667E+009;1.683086156845093E-001;-4.435495287179947E-002;-3.973288461565971E-003;-2.323382068425417E-003;
2.413833333333334E+009;1.669874787330627E-001;-4.535911977291107E-002;-3.852147143334150E-003;-1.987231895327568E-003;
2.414000000000000E+009;1.657547503709793E-001;-4.662209376692772E-002;-3.975113388150930E-003;-1.543059712275863E-003;
2.414166666666667E+009;1.644656211137772E-001;-4.798853769898415E-002;-3.909509629011154E-003;-1.567639643326402E-003;
2.414333333333334E+009;1.632254123687744E-001;-4.935866221785545E-002;-3.773641306906939E-003;-1.269274624064565E-003;
2.414500000000000E+009;1.622488349676132E-001;-5.080908164381981E-002;-3.742835251614451E-003;-1.016724272631109E-003;
2.414666666666667E+009;1.610197573900223E-001;-5.238167569041252E-002;-3.593289526179433E-003;-9.441001457162201E-004;
2.414833333333334E+009;1.599494218826294E-001;-5.408162251114845E-002;-3.527080407366157E-003;-7.703712326474488E-004;
2.415000000000000E+009;1.588772088289261E-001;-5.576437711715698E-002;-3.322954755276442E-003;-6.977735902182758E-004;
2.415166666666667E+009;1.580678075551987E-001;-5.758435279130936E-002;-3.282403340563178E-003;-5.064593278802931E-004;
2.415333333333334E+009;1.571218073368073E-001;-5.943080782890320E-002;-2.934394171461463E-003;-3.639143542386591E-004;
2.415500000000000E+009;1.565432697534561E-001;-6.126284226775169E-002;-3.022240707650781E-003;-3.894233668688685E-004;
2.415666666666667E+009;1.558527499437332E-001;-6.314805150032044E-002;-2.850116230547428E-003;-2.603787870611996E-004;
2.415833333333334E+009;1.552011519670487E-001;-6.514330953359604E-002;-2.715204143896699E-003;-2.729403786361218E-004;
2.416000000000000E+009;1.545373946428299E-001;-6.706473976373673E-002;-2.624576212838292E-003;-2.041004481725395E-004;
2.416166666666667E+009;1.542666852474213E-001;-6.901744753122330E-002;-2.477859845384955E-003;-2.246049261884764E-004;
2.416333333333334E+009;1.537462621927261E-001;-7.097712159156799E-002;-2.391005866229534E-003;-1.127516516135074E-004;
2.416500000000000E+009;1.533645093441010E-001;-7.303132861852646E-002;-2.416005823761225E-003;-2.329795097466558E-004;
2.416666666666667E+009;1.530768126249313E-001;-7.495666295289993E-002;-2.321722451597452E-003;-7.887402171036229E-005;
2.416833333333334E+009;1.527726501226425E-001;-7.707120478153229E-002;-2.242890186607838E-003;-7.325370825128630E-005;
2.417000000000000E+009;1.524785012006760E-001;-7.890568673610687E-002;-2.372834831476212E-003;-1.837559393607080E-004;
2.417166666666667E+009;1.523423939943314E-001;-8.055172860622406E-002;-2.451663371175528E-003;-1.489598216721788E-004;
2.417333333333334E+009;1.522333323955536E-001;-8.241204172372818E-002;-2.270574215799570E-003;-1.202469939016737E-004;
2.417500000000000E+009;1.521764546632767E-001;-8.428832143545151E-002;-2.343876287341118E-003;-2.233457635156810E-004;
2.417666666666667E+009;1.523219347000122E-001;-8.565444499254227E-002;-2.347740344703198E-003;-2.621482708491385E-004;
2.417833333333334E+009;1.522899866104126E-001;-8.714579045772553E-002;-2.387064509093761E-003;-2.914636388595682E-005;
2.418000000000000E+009;1.523255854845047E-001;-8.878138661384583E-002;-2.322359941899777E-003;-8.035342034418136E-005;
2.418166666666667E+009;1.524754166603088E-001;-8.994001895189285E-002;-2.335124649107456E-003;-1.951495869434439E-005;
2.418333333333334E+009;1.528589725494385E-001;-9.119182080030441E-002;-2.412421628832817E-003;8.450044333585538E-006;
2.418500000000000E+009;1.529228240251541E-001;-9.224503487348557E-002;-2.360303886234760E-003;4.759913281304762E-005;
2.418666666666667E+009;1.532060652971268E-001;-9.328804910182953E-002;-2.358571626245976E-003;2.376763295615092E-004;
2.418833333333334E+009;1.532659530639648E-001;-9.425412118434906E-002;-2.457151655107737E-003;2.517691464163363E-004;
2.419000000000000E+009;1.533444672822952E-001;-9.498058259487152E-002;-2.299093874171376E-003;2.054579963441938E-004;
2.419166666666667E+009;1.537472307682037E-001;-9.556201845407486E-002;-2.430851571261883E-003;4.323779139667749E-004;
2.419333333333334E+009;1.537689119577408E-001;-9.587898850440979E-002;-2.138973679393530E-003;5.509876064024866E-004;
2.419500000000000E+009;1.539838463068008E-001;-9.652457386255264E-002;-2.256632549688220E-003;5.191474920138717E-004;
2.419666666666667E+009;1.543185114860535E-001;-9.680131822824478E-002;-2.238066634163261E-003;6.075279088690877E-004;
2.419833333333334E+009;1.542706489562988E-001;-9.690467268228531E-002;-2.230996498838067E-003;5.891607142984867E-004;
2.420000000000000E+009;1.545950621366501E-001;-9.701203554868698E-002;-2.152471337467432E-003;6.675444310531020E-004;
2.420166666666667E+009;1.545453071594238E-001;-9.706846624612808E-002;-2.185013145208359E-003;6.493969704024494E-004;
2.420333333333334E+009;1.545040160417557E-001;-9.700828790664673E-002;-1.937104505486786E-003;6.955342250876129E-004;
2.420500000000000E+009;1.545953899621964E-001;-9.661621600389481E-002;-2.051396295428276E-003;7.843397906981409E-004;
2.420666666666667E+009;1.544349640607834E-001;-9.643869102001190E-002;-1.965394243597984E-003;7.358238799497485E-004;
2.420833333333334E+009;1.545649170875549E-001;-9.626844525337219E-002;-1.822387217544019E-003;8.292131242342293E-004;
2.421000000000000E+009;1.541528701782227E-001;-9.609131515026093E-002;-1.844791229814291E-003;7.095386390574276E-004;
2.421166666666667E+009;1.540278643369675E-001;-9.560272842645645E-002;-1.945326337590814E-003;7.426276570186019E-004;
2.421333333333334E+009;1.538256704807282E-001;-9.550539404153824E-002;-1.844495069235563E-003;7.670600316487253E-004;
2.421500000000000E+009;1.532116085290909E-001;-9.507649391889572E-002;-1.771682756952941E-003;7.068191189318895E-004;
2.421666666666667E+009;1.528480798006058E-001;-9.478043764829636E-002;-1.801362494006753E-003;7.386802462860942E-004;
2.421833333333334E+009;1.522617787122726E-001;-9.463048726320267E-002;-1.927567878738046E-003;7.568826549686492E-004;
2.422000000000000E+009;1.514542549848557E-001;-9.412772208452225E-002;-2.003661356866360E-003;8.993740193545818E-004;
2.422166666666667E+009;1.506784856319428E-001;-9.418478608131409E-002;-1.961034722626209E-003;7.802406908012927E-004;
2.422333333333334E+009;1.498077660799027E-001;-9.384575486183167E-002;-2.003864385187626E-003;8.486456936225295E-004;
2.422500000000000E+009;1.486789137125015E-001;-9.359823912382126E-002;-1.990834716707468E-003;1.035703811794519E-003;
2.422666666666667E+009;1.475214958190918E-001;-9.344126284122467E-002;-1.870816922746599E-003;9.920294396579266E-004;
2.422833333333334E+009;1.463931649923325E-001;-9.332513064146042E-002;-1.940104528330267E-003;1.356238266453147E-003;
2.423000000000000E+009;1.449620276689529E-001;-9.339712560176849E-002;-1.749302726238966E-003;1.300076371990144E-003;
2.423166666666667E+009;1.437888145446777E-001;-9.353110939264298E-002;-1.814286573790014E-003;1.342280535027385E-003;
2.423333333333334E+009;1.424259841442108E-001;-9.343709051609039E-002;-1.675495062954724E-003;1.441424130462110E-003;
2.423500000000000E+009;1.408459991216660E-001;-9.366999566555023E-002;-1.696837600320578E-003;1.462696003727615E-003;
2.423666666666667E+009;1.392339169979096E-001;-9.378580749034882E-002;-1.429315074346960E-003;1.496887882240117E-003;
2.423833333333334E+009;1.378905326128006E-001;-9.407453984022141E-002;-1.342591713182628E-003;1.335641369223595E-003;
2.424000000000000E+009;1.363360583782196E-001;-9.429154545068741E-002;-1.406657160259783E-003;1.335464417934418E-003;
2.424166666666667E+009;1.346821188926697E-001;-9.456314891576767E-002;-1.231297967024148E-003;1.406832598149777E-003;
2.424333333333334E+009;1.332219392061234E-001;-9.511336684226990E-002;-1.295249094255269E-003;1.252984395250678E-003;
2.424500000000000E+009;1.317506432533264E-001;-9.590826183557510E-002;-1.204558764584363E-003;1.297777751460671E-003;
2.424666666666667E+009;1.305475831031799E-001;-9.637858718633652E-002;-1.220328384079039E-003;1.223457395099104E-003;
2.424833333333334E+009;1.288083344697952E-001;-9.718418121337891E-002;-1.353978877887130E-003;1.323779579252005E-003;
2.425000000000000E+009;1.275625377893448E-001;-9.814248979091644E-002;-1.333157648332417E-003;1.207186374813318E-003;
2.425166666666667E+009;1.261842101812363E-001;-9.898668527603149E-002;-1.331770443357527E-003;1.341733499430120E-003;
2.425333333333334E+009;1.249789670109749E-001;-1.000659465789795E-001;-1.217685174196959E-003;1.194061595015228E-003;
2.425500000000000E+009;1.238240003585815E-001;-1.012623757123947E-001;-1.491350005380809E-003;1.187482732348144E-003;
2.425666666666667E+009;1.225209608674049E-001;-1.024973988533020E-001;-1.589529798366129E-003;1.360499532893300E-003;
2.425833333333334E+009;1.215593516826630E-001;-1.038631722331047E-001;-1.606100820936263E-003;1.548111671581864E-003;
2.426000000000000E+009;1.206578090786934E-001;-1.052876785397530E-001;-1.434999401681125E-003;1.418276806361973E-003;
2.426166666666667E+009;1.198498755693436E-001;-1.067580729722977E-001;-1.507699722424150E-003;1.586041878908873E-003;
2.426333333333334E+009;1.188677623867989E-001;-1.081285327672958E-001;-1.584505895152688E-003;1.789769739843905E-003;
2.426500000000000E+009;1.182090342044830E-001;-1.096948608756065E-001;-1.446832553483546E-003;1.811592956073582E-003;
2.426666666666667E+009;1.176745072007179E-001;-1.111610680818558E-001;-1.532894209958613E-003;2.031257841736078E-003;
2.426833333333334E+009;1.170389577746391E-001;-1.127152815461159E-001;-1.434435020200908E-003;2.081735758110881E-003;
2.427000000000000E+009;1.164698004722595E-001;-1.144817546010017E-001;-1.394495717249811E-003;2.208742778748274E-003;
2.427166666666667E+009;1.159828603267670E-001;-1.158928424119949E-001;-1.186156994663179E-003;2.309821546077728E-003;
2.427333333333334E+009;1.155855432152748E-001;-1.175263896584511E-001;-1.075460691936314E-003;2.245661336928606E-003;
2.427500000000000E+009;1.154448166489601E-001;-1.191717684268951E-001;-8.793422603048384E-004;2.434359863400459E-003;
2.427666666666667E+009;1.152711063623428E-001;-1.207076236605644E-001;-8.825893746688962E-004;2.470788313075900E-003;
2.427833333333334E+009;1.149777323007584E-001;-1.222446709871292E-001;-8.065709844231606E-004;2.547432668507099E-003;
2.428000000000000E+009;1.150537207722664E-001;-1.236806884407997E-001;-5.864248960278928E-004;2.573216566815972E-003;
2.428166666666667E+009;1.151401177048683E-001;-1.252029687166214E-001;-5.562475416809320E-004;2.554828533902764E-003;
2.428333333333334E+009;1.153520271182060E-001;-1.266470402479172E-001;-4.707278858404607E-004;2.595857949927449E-003;
2.428500000000000E+009;1.154674142599106E-001;-1.280389428138733E-001;-2.238426532130688E-004;2.563821850344539E-003;
2.428666666666667E+009;1.155070289969444E-001;-1.291718035936356E-001;-1.260571880266070E-004;2.404805971309543E-003;
2.428833333333334E+009;1.157418936491013E-001;-1.303719282150269E-001;-1.011412678053603E-004;2.501196460798383E-003;
2.429000000000000E+009;1.160762235522270E-001;-1.313639730215073E-001;-7.844352512620390E-005;2.522485330700874E-003;
2.429166666666667E+009;1.162069365382195E-001;-1.322900354862213E-001;7.872103742556647E-005;2.425600076094270E-003;
2.429333333333334E+009;1.167177408933640E-001;-1.333567351102829E-001;2.241655456600711E-004;2.429157262668014E-003;
2.429500000000000E+009;1.169800460338593E-001;-1.341436356306076E-001;2.909423783421516E-004;2.340032253414393E-003;
2.429666666666667E+009;1.172273382544518E-001;-1.348802894353867E-001;3.682023379951716E-004;2.333802636712790E-003;
2.429833333333334E+009;1.175214275717735E-001;-1.353667229413986E-001;4.337732098065317E-004;2.230142708867788E-003;
2.430000000000000E+009;1.177629008889198E-001;-1.361268162727356E-001;2.783449599519372E-004;2.311925170943141E-003;
2.430166666666667E+009;1.180810779333115E-001;-1.367286294698715E-001;3.871508233714849E-004;2.170797204598784E-003;
2.430333333333334E+009;1.185093447566032E-001;-1.369327604770660E-001;4.403676721267402E-004;2.195083769038320E-003;
2.430500000000000E+009;1.186420992016792E-001;-1.373695135116577E-001;4.267864278517664E-004;2.287261420860887E-003;
2.430666666666667E+009;1.188589632511139E-001;-1.379228532314301E-001;5.160844884812832E-004;2.128365915268660E-003;
2.430833333333334E+009;1.190362498164177E-001;-1.379378587007523E-001;5.366695113480091E-004;2.101200632750988E-003;
2.431000000000000E+009;1.193276122212410E-001;-1.378715634346008E-001;6.302203400991857E-004;2.204216783866286E-003;
2.431166666666667E+009;1.192641481757164E-001;-1.381713300943375E-001;7.067351252771914E-004;2.269715536385775E-003;
2.431333333333334E+009;1.191252246499062E-001;-1.382745206356049E-001;7.029532571323216E-004;2.195415552705526E-003;
2.431500000000000E+009;1.190657168626785E-001;-1.382474303245544E-001;6.122722406871617E-004;2.285520313307643E-003;
2.431666666666667E+009;1.190078556537628E-001;-1.382920145988464E-001;8.255713619291782E-004;2.294789301231504E-003;
2.431833333333334E+009;1.185716465115547E-001;-1.382477879524231E-001;1.000389922410250E-003;2.424849430099130E-003;
2.432000000000000E+009;1.182677671313286E-001;-1.381447464227676E-001;9.382223361171782E-004;2.455884590744972E-003;
2.432166666666667E+009;1.177077442407608E-001;-1.378961950540543E-001;1.083010341972113E-003;2.539343899115920E-003;
2.432333333333334E+009;1.172484755516052E-001;-1.376663595438004E-001;1.190291717648506E-003;2.558119827881455E-003;
2.432500000000000E+009;1.166273355484009E-001;-1.376714855432510E-001;1.579300849698484E-003;2.438107039779425E-003;
2.432666666666667E+009;1.158908158540726E-001;-1.373353600502014E-001;1.640905160456896E-003;2.566083101555705E-003;
2.432833333333334E+009;1.153651550412178E-001;-1.372584104537964E-001;1.777498750016093E-003;2.408069325610995E-003;
2.433000000000000E+009;1.143566071987152E-001;-1.367742121219635E-001;2.055390737950802E-003;2.335635013878346E-003;
2.433166666666667E+009;1.134178265929222E-001;-1.368221640586853E-001;2.184635726734996E-003;2.330914605408907E-003;
2.433333333333334E+009;1.125611811876297E-001;-1.365820169448853E-001;2.294351579621434E-003;2.176016569137573E-003;
2.433500000000000E+009;1.116396635770798E-001;-1.364508569240570E-001;2.443029778078198E-003;2.056494355201721E-003;
2.433666666666667E+009;1.108100265264511E-001;-1.364276260137558E-001;2.653181552886963E-003;1.831426401622593E-003;
2.433833333333334E+009;1.095426678657532E-001;-1.364200860261917E-001;2.823404734954238E-003;1.646007876843214E-003;
2.434000000000000E+009;1.086906865239143E-001;-1.364377588033676E-001;2.820625668391585E-003;1.577406306751072E-003;
2.434166666666667E+009;1.074030697345734E-001;-1.366172134876251E-001;2.901156200096011E-003;1.338591100648046E-003;
2.434333333333334E+009;1.063333973288536E-001;-1.366550177335739E-001;2.872035605832934E-003;1.071336329914630E-003;
2.434500000000000E+009;1.052052676677704E-001;-1.368429064750671E-001;2.960509154945612E-003;8.863054681569338E-004;
2.434666666666667E+009;1.038882732391357E-001;-1.373844891786575E-001;3.052679821848869E-003;7.246002787724137E-004;
2.434833333333334E+009;1.027285829186440E-001;-1.377922594547272E-001;2.918124664574862E-003;4.213984939269722E-004;
2.435000000000000E+009;1.015788093209267E-001;-1.382751762866974E-001;2.933453302830458E-003;2.517745888326317E-004;
2.435166666666667E+009;1.003389284014702E-001;-1.389350444078445E-001;3.048775251954794E-003;1.755695120664313E-004;
2.435333333333334E+009;9.916545450687408E-002;-1.397022753953934E-001;2.898033009842038E-003;-8.935456571634859E-005;
2.435500000000000E+009;9.784767776727676E-002;-1.403882503509522E-001;2.762071555480361E-003;-2.090626221615821E-004;
2.435666666666667E+009;9.667868912220001E-002;-1.412072032690048E-001;2.817760687321425E-003;-4.046463873237371E-004;
2.435833333333334E+009;9.547299891710281E-002;-1.419155299663544E-001;2.570420969277620E-003;-5.349828861653805E-004;
2.436000000000000E+009;9.420042484998703E-002;-1.428336501121521E-001;2.510681049898267E-003;-8.395639597438276E-004;
2.436166666666667E+009;9.284336119890213E-002;-1.437695026397705E-001;2.473778557032347E-003;-8.318584295921028E-004;
2.436333333333334E+009;9.182654321193695E-002;-1.447748094797134E-001;2.354302443563938E-003;-1.106610754504800E-003;
2.436500000000000E+009;9.064472466707230E-002;-1.457897275686264E-001;2.383096609264612E-003;-1.224463805556297E-003;
2.436666666666667E+009;8.952587097883225E-002;-1.467772126197815E-001;2.040564315393567E-003;-1.350794453173876E-003;
2.436833333333334E+009;8.851127326488495E-002;-1.477419435977936E-001;1.734334859065712E-003;-1.314275665208697E-003;
2.437000000000000E+009;8.752229064702988E-002;-1.487171351909638E-001;1.817347481846809E-003;-1.500052865594626E-003;
2.437166666666667E+009;8.664071559906006E-002;-1.498954296112061E-001;1.454087439924479E-003;-1.449698815122247E-003;
2.437333333333334E+009;8.558476716279984E-002;-1.508390009403229E-001;1.381704001687467E-003;-1.571627799421549E-003;
2.437500000000000E+009;8.495449274778366E-002;-1.517362892627716E-001;1.191666466183960E-003;-1.442168722860515E-003;
2.437666666666667E+009;8.431476354598999E-002;-1.527341008186340E-001;9.499905863776803E-004;-1.515165087766945E-003;
2.437833333333334E+009;8.376102149486542E-002;-1.537003219127655E-001;8.201951859518886E-004;-1.429903437383473E-003;
2.438000000000000E+009;8.307473361492157E-002;-1.546347141265869E-001;7.141137029975653E-004;-1.434343052096665E-003;
2.438166666666667E+009;8.259677141904831E-002;-1.556164324283600E-001;4.717894771602005E-004;-1.268923981115222E-003;
2.438333333333334E+009;8.206257224082947E-002;-1.562727242708206E-001;4.637643287423998E-004;-1.248054904863238E-003;
2.438500000000000E+009;8.181289583444595E-002;-1.572445780038834E-001;4.419886390678585E-004;-1.151739270426333E-003;
2.438666666666667E+009;8.151454478502274E-002;-1.582052558660507E-001;1.706793264020234E-004;-1.065358635969460E-003;
2.438833333333334E+009;8.119677007198334E-002;-1.588093787431717E-001;1.909454149426892E-004;-9.193560690619052E-004;
2.439000000000000E+009;8.112657815217972E-002;-1.596435159444809E-001;6.906546332174912E-005;-8.860077941790223E-004;
2.439166666666667E+009;8.094537258148193E-002;-1.602558940649033E-001;1.530737936263904E-004;-6.809497717767954E-004;
2.439333333333334E+009;8.058530837297440E-002;-1.611554324626923E-001;9.165515803033486E-005;-6.566360825672746E-004;
2.439500000000000E+009;8.035300672054291E-002;-1.617615520954132E-001;1.017172617139295E-004;-4.421360208652914E-004;
2.439666666666667E+009;8.026582002639771E-002;-1.621115654706955E-001;2.075087832054123E-004;-4.811437684111297E-004;
2.439833333333334E+009;8.008945733308792E-002;-1.626202315092087E-001;1.134402773459442E-004;-5.085860029794276E-004;
2.440000000000000E+009;7.974437624216080E-002;-1.631327420473099E-001;3.072194813285023E-004;-2.732131106313318E-004;
2.440166666666667E+009;7.966165989637375E-002;-1.636855900287628E-001;1.547262218082324E-004;-3.085865173488855E-004;
2.440333333333334E+009;7.937668263912201E-002;-1.638360768556595E-001;2.757489855866879E-004;-2.410734159639105E-004;
2.440500000000000E+009;7.903616875410080E-002;-1.641733646392822E-001;4.105866828467697E-004;-2.113843656843528E-004;
2.440666666666667E+009;7.886458933353424E-002;-1.643069237470627E-001;3.933936823159456E-004;-2.452607150189579E-004;
2.440833333333334E+009;7.840567827224731E-002;-1.645714044570923E-001;3.625792742241174E-004;-2.872043696697801E-004;
2.441000000000000E+009;7.809729874134064E-002;-1.644085794687271E-001;3.845176252070814E-004;-2.314565790584311E-004;
2.441166666666667E+009;7.751578837633133E-002;-1.645640134811401E-001;3.287571889813989E-004;-1.138083316618577E-004;
2.441333333333334E+009;7.722079008817673E-002;-1.644543260335922E-001;3.565522492863238E-004;-2.427350264042616E-004;
2.441500000000000E+009;7.642780244350433E-002;-1.641769856214523E-001;3.416057152207941E-004;-1.137516519520432E-004;
2.441666666666667E+009;7.584831118583679E-002;-1.640828251838684E-001;3.445376059971750E-004;-2.015347708947957E-004;
2.441833333333334E+009;7.536520063877106E-002;-1.638576388359070E-001;6.269720033742487E-004;9.123629752139095E-006;
2.442000000000000E+009;7.464769482612610E-002;-1.636081188917160E-001;4.566310672089458E-004;1.794152740330901E-005;
2.442166666666667E+009;7.407475262880325E-002;-1.633107960224152E-001;4.781407478731126E-004;-6.953273259568960E-005;
2.442333333333334E+009;7.315605133771896E-002;-1.630040407180786E-001;5.485482397489250E-004;-1.238092663697898E-004;
2.442500000000000E+009;7.236610352993012E-002;-1.627248078584671E-001;6.305080023594201E-004;-1.054017629940063E-004;
2.442666666666667E+009;7.152863591909409E-002;-1.623117625713348E-001;4.655972588807344E-004;-1.482575607951731E-004;
2.442833333333334E+009;7.059397548437119E-002;-1.621493846178055E-001;5.384622490964830E-004;-8.627397619420663E-005;
2.443000000000000E+009;6.962393224239349E-002;-1.617441177368164E-001;7.599442033097148E-004;-1.002199860522524E-004;
2.443166666666667E+009;6.861618906259537E-002;-1.615235060453415E-001;7.143203401938081E-004;-6.156600284157321E-005;
2.443333333333334E+009;6.755226850509644E-002;-1.612034887075424E-001;8.359715575352311E-004;-2.996277908096090E-005;
2.443500000000000E+009;6.648016721010208E-002;-1.609535515308380E-001;8.570740465074778E-004;2.779185524559580E-005;
2.443666666666667E+009;6.539947539567947E-002;-1.608805358409882E-001;9.294612682424486E-004;4.235316282574786E-006;
2.443833333333334E+009;6.415447592735291E-002;-1.607483625411987E-001;9.929859079420567E-004;4.377989898785017E-005;
2.444000000000000E+009;6.300430744886398E-002;-1.606935262680054E-001;9.969735983759165E-004;-1.378746092086658E-004;
2.444166666666667E+009;6.163680180907250E-002;-1.607047021389008E-001;1.033477368764579E-003;-1.931006263475865E-004;
2.444333333333334E+009;6.053577736020088E-002;-1.607849448919296E-001;1.212116214446724E-003;-2.711245324462652E-004;
2.444500000000000E+009;5.917250737547875E-002;-1.609617024660111E-001;1.177158323116601E-003;-4.287814081180841E-004;
2.444666666666667E+009;5.789032950997353E-002;-1.611441373825073E-001;1.327401143498719E-003;-3.485052729956806E-004;
2.444833333333334E+009;5.655568465590477E-002;-1.614023000001907E-001;1.329944701865315E-003;-4.271699872333556E-004;
2.445000000000000E+009;5.529610440135002E-002;-1.617524921894074E-001;1.490757102146745E-003;-5.963830626569688E-004;
2.445166666666667E+009;5.387230217456818E-002;-1.621363908052445E-001;1.373269129544497E-003;-6.034504040144384E-004;
2.445333333333334E+009;5.254596099257469E-002;-1.624892950057983E-001;1.370346639305353E-003;-9.024096652865410E-004;
2.445500000000000E+009;5.117689445614815E-002;-1.629946976900101E-001;1.485749031417072E-003;-1.071450533345342E-003;
2.445666666666667E+009;4.997274279594421E-002;-1.635857075452805E-001;1.345515483990312E-003;-1.089043100364506E-003;
2.445833333333334E+009;4.843623936176300E-002;-1.643832772970200E-001;1.327393227256835E-003;-1.288783852942288E-003;
2.446000000000000E+009;4.725506901741028E-002;-1.648370772600174E-001;1.208415022119880E-003;-1.316892099566758E-003;
2.446166666666667E+009;4.614622518420219E-002;-1.656287163496018E-001;1.132953795604408E-003;-1.458846032619476E-003;
2.446333333333334E+009;4.473027586936951E-002;-1.664221435785294E-001;9.076792048290372E-004;-1.703190035186708E-003;
2.446500000000000E+009;4.363159835338593E-002;-1.669639647006989E-001;8.696991717442870E-004;-1.746435416862369E-003;
2.446666666666667E+009;4.245603084564209E-002;-1.677879095077515E-001;5.993091617710888E-004;-1.830802299082279E-003;
2.446833333333334E+009;4.148393869400024E-002;-1.684652268886566E-001;5.501831765286624E-004;-1.843346632085741E-003;
2.447000000000000E+009;4.015062376856804E-002;-1.692464500665665E-001;4.310655058361590E-004;-1.912903855554760E-003;
2.447166666666667E+009;3.926555439829826E-002;-1.700703352689743E-001;2.423693804303184E-004;-1.828908338211477E-003;
2.447333333333334E+009;3.827263787388802E-002;-1.707843095064163E-001;8.242883632192388E-005;-1.754040713422000E-003;
2.447500000000000E+009;3.751918300986290E-002;-1.717002093791962E-001;-1.933805469889194E-004;-1.683752867393196E-003;
2.447666666666667E+009;3.667560219764710E-002;-1.723642647266388E-001;-1.860691263573244E-004;-1.702577923424542E-003;
2.447833333333334E+009;3.587600588798523E-002;-1.732997596263886E-001;-2.339352213311940E-004;-1.608543447218835E-003;
2.448000000000000E+009;3.542370349168778E-002;-1.739417463541031E-001;-2.494503860361874E-004;-1.667311415076256E-003;
2.448166666666667E+009;3.461215272545815E-002;-1.747519820928574E-001;-3.530091489665210E-004;-1.555071212351322E-003;
2.448333333333334E+009;3.412709012627602E-002;-1.754497140645981E-001;-3.948932571802288E-004;-1.529983826912940E-003;
2.448500000000000E+009;3.361186385154724E-002;-1.763129830360413E-001;-5.025782156735659E-004;-1.487936940975487E-003;
2.448666666666667E+009;3.310708701610565E-002;-1.768025606870651E-001;-6.121883634477854E-004;-1.363890711218119E-003;
2.448833333333334E+009;3.254446387290955E-002;-1.777257770299912E-001;-5.868367734365165E-004;-1.343015814200044E-003;
2.449000000000000E+009;3.211147710680962E-002;-1.780279725790024E-001;-8.483289275318384E-004;-1.275810063816607E-003;
2.449166666666667E+009;3.169874846935272E-002;-1.787057965993881E-001;-8.798171766102314E-004;-1.191542134620249E-003;
2.449333333333334E+009;3.150779008865356E-002;-1.791253983974457E-001;-8.912959601730108E-004;-1.181487226858735E-003;
2.449500000000000E+009;3.086258843541145E-002;-1.795729994773865E-001;-9.159437031485140E-004;-1.070047146640718E-003;
2.449666666666667E+009;3.063144162297249E-002;-1.800026744604111E-001;-9.512137621641159E-004;-1.118930056691170E-003;
2.449833333333334E+009;3.006656467914581E-002;-1.805974543094635E-001;-1.144815003499389E-003;-9.629383566789329E-004;
2.450000000000000E+009;2.952056936919689E-002;-1.807824671268463E-001;-1.155119272880256E-003;-8.923040586523712E-004;
2.450166666666667E+009;2.922570705413818E-002;-1.809881478548050E-001;-1.214795629493892E-003;-7.046154350973666E-004;
2.450333333333334E+009;2.882644161581993E-002;-1.809357255697250E-001;-1.147535163909197E-003;-5.344841047190130E-004;
2.450500000000000E+009;2.827202342450619E-002;-1.810589283704758E-001;-1.392814097926021E-003;-5.279349861666560E-004;
2.450666666666667E+009;2.781939879059792E-002;-1.812356412410736E-001;-1.244685379788280E-003;-4.093891184311360E-004;
2.450833333333334E+009;2.705189213156700E-002;-1.809858083724976E-001;-1.278737094253302E-003;-4.097592609468848E-004;
2.451000000000000E+009;2.677197568118572E-002;-1.808909624814987E-001;-1.320059411227703E-003;-1.035944515024312E-004;
2.451166666666667E+009;2.611788734793663E-002;-1.807312071323395E-001;-1.299272058531642E-003;-1.294703979510814E-004;
2.451333333333334E+009;2.560830302536488E-002;-1.804959475994110E-001;-1.179446349851787E-003;2.421648823656142E-004;
2.451500000000000E+009;2.500903233885765E-002;-1.802818477153778E-001;-1.115808612667024E-003;2.066340093733743E-004;
2.451666666666667E+009;2.415695413947105E-002;-1.799492537975311E-001;-1.087268698029220E-003;4.781713651027530E-004;
2.451833333333334E+009;2.354481816291809E-002;-1.795517206192017E-001;-9.484788752160966E-004;5.074036889709532E-004;
2.452000000000000E+009;2.293064817786217E-002;-1.793080270290375E-001;-8.185432525351644E-004;6.986989174038172E-004;
2.452166666666667E+009;2.217333950102329E-002;-1.788572371006012E-001;-7.642936543561518E-004;7.243020809255540E-004;
2.452333333333334E+009;2.123045548796654E-002;-1.785871088504791E-001;-5.999026470817626E-004;6.992810522206128E-004;
2.452500000000000E+009;2.033218927681446E-002;-1.781869679689407E-001;-4.851589910686016E-004;6.466351333074272E-004;
2.452666666666667E+009;1.947964541614056E-002;-1.777534633874893E-001;-4.430744738783687E-004;8.937514503486455E-004;
2.452833333333334E+009;1.830315403640270E-002;-1.774966567754746E-001;-2.157172857550904E-004;8.965480374172330E-004;
2.453000000000000E+009;1.737708039581776E-002;-1.771777868270874E-001;-7.903580262791365E-005;1.018871320411563E-003;
2.453166666666667E+009;1.632138527929783E-002;-1.770061850547791E-001;-2.627499634400010E-005;8.803478558547795E-004;
2.453333333333334E+009;1.520685851573944E-002;-1.766884028911591E-001;7.736130646662787E-005;9.244494722224772E-004;
2.453500000000000E+009;1.392276957631111E-002;-1.765993088483810E-001;3.757282102014870E-004;9.087319485843182E-004;
2.453666666666667E+009;1.263979170471430E-002;-1.762827634811401E-001;4.605200083460659E-004;8.159692515619099E-004;
2.453833333333334E+009;1.140597835183144E-002;-1.762155592441559E-001;5.510614719241858E-004;7.908070692792535E-004;
2.454000000000000E+009;1.000140886753798E-002;-1.759492009878159E-001;8.296882151626051E-004;8.142509032040834E-004;
2.454166666666667E+009;8.750182576477528E-003;-1.759345680475235E-001;8.379838545806706E-004;7.072550943121314E-004;
2.454333333333334E+009;7.281556259840727E-003;-1.759468168020248E-001;1.062988885678351E-003;4.714438400696963E-004;
2.454500000000000E+009;5.769775714725256E-003;-1.761092096567154E-001;1.045794226229191E-003;3.949785896111280E-004;
2.454666666666667E+009;4.432926420122385E-003;-1.761846542358398E-001;1.273623434826732E-003;3.286805294919759E-004;
2.454833333333334E+009;3.103301394730806E-003;-1.761749386787415E-001;1.466318848542869E-003;1.883164950413629E-004;
2.455000000000000E+009;1.610258012078702E-003;-1.764345914125443E-001;1.424389891326428E-003;6.811442290199921E-006;
2.455166666666667E+009;2.503322903066874E-004;-1.766686141490936E-001;1.423409208655357E-003;-5.945044176769443E-005;
2.455333333333334E+009;-1.239855424501002E-003;-1.768179088830948E-001;1.388648990541697E-003;-3.383272560313344E-004;
2.455500000000000E+009;-2.597203245386481E-003;-1.773108541965485E-001;1.515026320703328E-003;-5.448609590530396E-004;
2.455666666666667E+009;-4.002117086201906E-003;-1.774405986070633E-001;1.482493476942182E-003;-7.180172251537442E-004;
2.455833333333334E+009;-5.280680023133755E-003;-1.779270470142365E-001;1.388447824865580E-003;-8.738528704270721E-004;
2.456000000000000E+009;-6.766639184206724E-003;-1.782380044460297E-001;1.351494458504021E-003;-9.692427702248097E-004;
2.456166666666667E+009;-7.801136933267117E-003;-1.786863356828690E-001;1.325891702435911E-003;-1.192426192574203E-003;
2.456333333333334E+009;-8.939394727349281E-003;-1.791830807924271E-001;1.125902286730707E-003;-1.456242986023426E-003;
2.456500000000000E+009;-1.035004761070013E-002;-1.796381622552872E-001;9.446745389141142E-004;-1.452647615224123E-003;
2.456666666666667E+009;-1.153796073049307E-002;-1.801337450742722E-001;8.659126469865441E-004;-1.582183409482241E-003;
2.456833333333334E+009;-1.244077272713184E-002;-1.804722994565964E-001;8.514891378581524E-004;-1.673666760325432E-003;
2.457000000000000E+009;-1.362068671733141E-002;-1.810857057571411E-001;7.240855484269559E-004;-1.819434692151845E-003;
2.457166666666667E+009;-1.450804434716702E-002;-1.814240068197250E-001;5.555361276492477E-004;-1.835177070461214E-003;
2.457333333333334E+009;-1.535090245306492E-002;-1.819905936717987E-001;3.281440294813365E-004;-1.985160866752267E-003;
2.457500000000000E+009;-1.631430536508560E-002;-1.822995245456696E-001;2.742157957982272E-004;-1.929285936057568E-003;
2.457666666666667E+009;-1.687553711235523E-002;-1.827332079410553E-001;5.957033135928214E-005;-1.929455902427435E-003;
2.457833333333334E+009;-1.779911667108536E-002;-1.830900013446808E-001;-1.300079893553630E-004;-1.958868699148297E-003;
2.458000000000000E+009;-1.827847771346569E-002;-1.832006424665451E-001;-1.590138708706945E-004;-1.981905894353986E-003;
2.458166666666667E+009;-1.910200901329517E-002;-1.836868524551392E-001;-4.114437615498900E-004;-1.984171569347382E-003;
2.458333333333334E+009;-1.948778517544270E-002;-1.841328144073486E-001;-3.444049507379532E-004;-1.915067550726235E-003;
2.458500000000000E+009;-2.023414894938469E-002;-1.841378957033157E-001;-6.070718518458307E-004;-1.926084165461361E-003;
2.458666666666667E+009;-2.066317200660706E-002;-1.842228919267654E-001;-6.751186447218061E-004;-1.820021541789174E-003;
2.458833333333334E+009;-2.097768709063530E-002;-1.842624694108963E-001;-8.579757413826883E-004;-1.771722221747041E-003;
2.459000000000000E+009;-2.134517394006252E-002;-1.842587739229202E-001;-9.338982054032385E-004;-1.682909321971238E-003;
2.459166666666667E+009;-2.189117297530174E-002;-1.843005865812302E-001;-1.018169219605625E-003;-1.553319860249758E-003;
2.459333333333334E+009;-2.221526950597763E-002;-1.838935762643814E-001;-1.166135421954095E-003;-1.582329161465168E-003;
2.459500000000000E+009;-2.243118360638619E-002;-1.838918179273605E-001;-1.305622165091336E-003;-1.451224205084145E-003;
2.459666666666667E+009;-2.289593219757080E-002;-1.834139972925186E-001;-1.299341092817485E-003;-1.428538467735052E-003;
2.459833333333334E+009;-2.322126179933548E-002;-1.832814812660217E-001;-1.415647217072547E-003;-1.386327669024468E-003;
2.460000000000000E+009;-2.346862666308880E-002;-1.825927644968033E-001;-1.376077532768250E-003;-1.180633436888456E-003;
2.460166666666667E+009;-2.389311045408249E-002;-1.820519119501114E-001;-1.624431577511132E-003;-1.085753436200321E-003;
2.460333333333334E+009;-2.403984032571316E-002;-1.814502477645874E-001;-1.617354457266629E-003;-1.018043025396764E-003;
2.460500000000000E+009;-2.450626902282238E-002;-1.809565424919128E-001;-1.682641333900392E-003;-8.221814641728997E-004;
2.460666666666667E+009;-2.487763203680515E-002;-1.801191121339798E-001;-1.565273152664304E-003;-6.607648683711886E-004;
2.460833333333334E+009;-2.541531808674336E-002;-1.791809201240540E-001;-1.666200463660061E-003;-6.202731165103614E-004;
2.461000000000000E+009;-2.599920518696308E-002;-1.784039288759232E-001;-1.672064419835806E-003;-5.327442777343094E-004;
2.461166666666667E+009;-2.626497298479080E-002;-1.773329079151154E-001;-1.682267175056040E-003;-4.551532911136746E-004;
2.461333333333334E+009;-2.690468542277813E-002;-1.763640344142914E-001;-1.600329531356692E-003;-3.302166878711432E-004;
2.461500000000000E+009;-2.737145498394966E-002;-1.754021197557449E-001;-1.577398856170476E-003;-3.435365797486156E-004;
2.461666666666667E+009;-2.821006812155247E-002;-1.744263172149658E-001;-1.623384887352586E-003;-1.461541396565735E-004;
2.461833333333334E+009;-2.905509434640408E-002;-1.735959053039551E-001;-1.510694622993469E-003;-1.901857758639380E-004;
2.462000000000000E+009;-2.957119047641754E-002;-1.723670810461044E-001;-1.565415994264185E-003;-4.224463918944821E-005;
2.462166666666667E+009;-3.057475574314594E-002;-1.714565008878708E-001;-1.444535446353257E-003;-1.439966290490702E-004;
2.462333333333334E+009;-3.174119070172310E-002;-1.703414916992188E-001;-1.405448769219220E-003;1.032305408443790E-005;
2.462500000000000E+009;-3.275669738650322E-002;-1.694722175598145E-001;-1.427364302799106E-003;1.193837942992104E-005;
2.462666666666667E+009;-3.382229432463646E-002;-1.684856563806534E-001;-1.375708263367415E-003;6.227910489542410E-005;
2.462833333333334E+009;-3.515223786234856E-002;-1.674133241176605E-001;-1.263066777028143E-003;1.144300622399896E-004;
2.463000000000000E+009;-3.639568760991097E-002;-1.663933992385864E-001;-1.401938963681459E-003;1.656972308410332E-004;
2.463166666666667E+009;-3.803725168108940E-002;-1.654060781002045E-001;-1.301832264289260E-003;1.787987712305039E-004;
2.463333333333334E+009;-3.939741104841232E-002;-1.648039221763611E-001;-1.472565811127424E-003;1.204842337756418E-004;
2.463500000000000E+009;-4.112973064184189E-002;-1.638314872980118E-001;-1.399751636199653E-003;3.127960371784866E-004;
2.463666666666667E+009;-4.277159646153450E-002;-1.632714569568634E-001;-1.396517734974623E-003;2.393278264207766E-004;
2.463833333333334E+009;-4.463747888803482E-002;-1.624795943498612E-001;-1.337051973678172E-003;2.023200067924336E-004;
2.464000000000000E+009;-4.653681069612503E-002;-1.617701798677445E-001;-1.365155563689768E-003;3.763840650208294E-004;
2.464166666666667E+009;-4.830921441316605E-002;-1.610970944166184E-001;-1.354133943095803E-003;5.293057765811682E-004;
2.464333333333334E+009;-5.028034374117851E-002;-1.603647619485855E-001;-1.351748825982213E-003;5.888703162781894E-004;
2.464500000000000E+009;-5.221515148878098E-002;-1.601223647594452E-001;-1.245688181370497E-003;6.340870168060064E-004;
2.464666666666667E+009;-5.441863834857941E-002;-1.595146358013153E-001;-1.147923874668777E-003;6.764202844351530E-004;
2.464833333333334E+009;-5.623462423682213E-002;-1.591893881559372E-001;-1.154980622231960E-003;8.219777955673635E-004;
2.465000000000000E+009;-5.827805399894714E-002;-1.588198989629746E-001;-9.884111350402236E-004;8.769314154051244E-004;
2.465166666666667E+009;-6.044085696339607E-002;-1.586332023143768E-001;-9.565729997120798E-004;8.341955835931003E-004;
2.465333333333334E+009;-6.240572035312653E-002;-1.582902520895004E-001;-8.506479207426310E-004;9.334487258456647E-004;
2.465500000000000E+009;-6.426133960485458E-002;-1.582750082015991E-001;-7.518009515479207E-004;8.792804437689483E-004;
2.465666666666667E+009;-6.624183803796768E-002;-1.582332402467728E-001;-6.315935752354562E-004;8.608080097474158E-004;
2.465833333333334E+009;-6.812056899070740E-002;-1.581891477108002E-001;-5.784932873211801E-004;6.777190719731152E-004;
2.466000000000000E+009;-6.985489279031754E-002;-1.583745777606964E-001;-4.613221099134535E-004;5.053934874013066E-004;
2.466166666666667E+009;-7.162865996360779E-002;-1.586025506258011E-001;-3.363768337294459E-004;5.851419409736991E-004;
2.466333333333334E+009;-7.327147573232651E-002;-1.589442193508148E-001;-4.017580649815500E-004;6.933183176442981E-004;
2.466500000000000E+009;-7.487555593252182E-002;-1.592798382043839E-001;-2.901208063121885E-004;5.311330314725637E-004;
2.466666666666667E+009;-7.634425908327103E-002;-1.596425473690033E-001;-3.962293267250061E-004;2.749291306827217E-004;
2.466833333333334E+009;-7.773335278034210E-002;-1.601507961750031E-001;-5.195636185817421E-004;3.345615114085376E-004;
2.467000000000000E+009;-7.903180271387100E-002;-1.604856848716736E-001;-3.322130651213229E-004;2.768716949503869E-004;
2.467166666666667E+009;-8.033326268196106E-002;-1.610674262046814E-001;-4.135949420742691E-004;1.898345071822405E-004;
2.467333333333334E+009;-8.151531219482422E-002;-1.616496890783310E-001;-5.638367147184908E-004;2.115979732479900E-004;
2.467500000000000E+009;-8.213540166616440E-002;-1.621532589197159E-001;-4.597078659571707E-004;2.843782713171095E-004;
2.467666666666667E+009;-8.318687975406647E-002;-1.626584380865097E-001;-5.069912876933813E-004;1.289503707084805E-004;
2.467833333333334E+009;-8.397471159696579E-002;-1.632390022277832E-001;-6.701866514049470E-004;1.417223393218592E-004;
2.468000000000000E+009;-8.478727191686630E-002;-1.639933139085770E-001;-5.581786972470582E-004;1.053442101692781E-004;
2.468166666666667E+009;-8.549120277166367E-002;-1.644486486911774E-001;-7.163159316405654E-004;1.124017435358837E-004;
2.468333333333334E+009;-8.603790402412415E-002;-1.648981720209122E-001;-7.377993315458298E-004;1.117103602155112E-004;
2.468500000000000E+009;-8.644290268421173E-002;-1.652235090732575E-001;-8.822876261547208E-004;2.452349872328341E-004;
2.468666666666667E+009;-8.685647696256638E-002;-1.656684726476669E-001;-8.446557912975550E-004;3.087585500907153E-004;
2.468833333333334E+009;-8.717496693134308E-002;-1.660072952508926E-001;-9.318257216364145E-004;2.852702455129474E-004;
2.469000000000000E+009;-8.739644289016724E-002;-1.662495881319046E-001;-9.877849370241165E-004;5.183183238841593E-004;
2.469166666666667E+009;-8.750863373279572E-002;-1.664531528949738E-001;-1.088274177163839E-003;4.580506938509643E-004;
2.469333333333334E+009;-8.755221217870712E-002;-1.666562557220459E-001;-9.582517668604851E-004;5.282349884510040E-004;
2.469500000000000E+009;-8.771736174821854E-002;-1.665275245904923E-001;-1.004510791972280E-003;6.464151083491743E-004;
2.469666666666667E+009;-8.770778775215149E-002;-1.665091365575790E-001;-1.025054836645722E-003;8.456762298010290E-004;
2.469833333333334E+009;-8.767163753509522E-002;-1.664113104343414E-001;-9.127407101914287E-004;8.985424065031111E-004;
2.470000000000000E+009;-8.737538009881973E-002;-1.661470979452133E-001;-8.968249312601984E-004;9.096575668081641E-004;
2.470166666666667E+009;-8.714883774518967E-002;-1.657691150903702E-001;-9.078601142391563E-004;8.847470744512975E-004;
2.470333333333334E+009;-8.713931590318680E-002;-1.654953360557556E-001;-7.136535714380443E-004;9.307683212682605E-004;
2.470500000000000E+009;-8.688861876726151E-002;-1.649381518363953E-001;-8.428085711784661E-004;9.700468508526683E-004;
2.470666666666667E+009;-8.690413832664490E-002;-1.644617021083832E-001;-7.747758645564318E-004;1.147139933891594E-003;
2.470833333333334E+009;-8.682700246572495E-002;-1.636629998683929E-001;-7.345360936596990E-004;1.130377058871090E-003;
2.471000000000000E+009;-8.674740046262741E-002;-1.629380285739899E-001;-6.211149739101529E-004;1.191658782772720E-003;
2.471166666666667E+009;-8.676871657371521E-002;-1.619871556758881E-001;-5.718046450056136E-004;1.337948371656239E-003;
2.471333333333334E+009;-8.689820766448975E-002;-1.611233800649643E-001;-6.180683849379420E-004;1.350840087980032E-003;
2.471500000000000E+009;-8.714558184146881E-002;-1.600373089313507E-001;-5.145113100297749E-004;1.333731343038380E-003;
2.471666666666667E+009;-8.699331432580948E-002;-1.587774008512497E-001;-3.545634681358933E-004;1.478750607930124E-003;
2.471833333333334E+009;-8.739366382360458E-002;-1.574912965297699E-001;-4.213394131511450E-004;1.357188331894577E-003;
2.472000000000000E+009;-8.753734081983566E-002;-1.562912166118622E-001;-2.277044986840338E-004;1.482604187913239E-003;
2.472166666666667E+009;-8.802740275859833E-002;-1.547513604164124E-001;-2.060332335531712E-004;1.404054113663733E-003;
2.472333333333334E+009;-8.859034627676010E-002;-1.532367020845413E-001;-1.141175598604605E-004;1.402674824930728E-003;
2.472500000000000E+009;-8.905366808176041E-002;-1.516275405883789E-001;-1.213038704008795E-004;1.442992361262441E-003;
2.472666666666667E+009;-8.953376114368439E-002;-1.499760597944260E-001;9.169871918857098E-005;1.471090479753912E-003;
2.472833333333334E+009;-9.018467366695404E-002;-1.483175009489059E-001;1.943243114510551E-004;1.451536780223250E-003;
2.473000000000000E+009;-9.076094627380371E-002;-1.465116441249847E-001;9.647039405535907E-005;1.392180682159960E-003;
2.473166666666667E+009;-9.215907007455826E-002;-1.448789983987808E-001;2.677139709703624E-004;1.385166193358600E-003;
2.473333333333334E+009;-9.278245270252228E-002;-1.429871916770935E-001;3.050915256608278E-004;1.327378558926284E-003;
2.473500000000000E+009;-9.393988549709320E-002;-1.412762552499771E-001;3.813864022959024E-004;1.332490355707705E-003;
2.473666666666667E+009;-9.505144506692886E-002;-1.394805014133453E-001;4.022852517664433E-004;1.206527929753065E-003;
2.473833333333334E+009;-9.636209905147553E-002;-1.377952694892883E-001;5.523533909581602E-004;1.089015975594521E-003;
2.474000000000000E+009;-9.765935689210892E-002;-1.360331326723099E-001;4.443267243914306E-004;1.249731518328190E-003;
2.474166666666667E+009;-9.878495335578919E-002;-1.342678666114807E-001;5.732136196456850E-004;1.102140871807933E-003;
2.474333333333334E+009;-1.003301069140434E-001;-1.323964148759842E-001;5.998599226586521E-004;9.634328307583928E-004;
2.474500000000000E+009;-1.019580811262131E-001;-1.309120357036591E-001;7.186698494479060E-004;9.577944292686880E-004;
2.474666666666667E+009;-1.032867282629013E-001;-1.294035464525223E-001;6.574610597454011E-004;7.506657857447863E-004;
2.474833333333334E+009;-1.050152108073235E-001;-1.279598176479340E-001;7.124901749193668E-004;6.453836685977876E-004;
2.475000000000000E+009;-1.065572351217270E-001;-1.262452304363251E-001;7.940583745948970E-004;8.105972665362060E-004;
2.475166666666667E+009;-1.084088161587715E-001;-1.249067559838295E-001;6.682334933429956E-004;5.714538274332881E-004;
2.475333333333334E+009;-1.098611205816269E-001;-1.237727478146553E-001;7.726198527961969E-004;6.035809055902064E-004;
2.475500000000000E+009;-1.116685345768929E-001;-1.225844472646713E-001;6.478235009126365E-004;5.020549870096147E-004;
2.475666666666667E+009;-1.132761836051941E-001;-1.216558888554573E-001;5.258579039946199E-004;3.848147171083838E-004;
2.475833333333334E+009;-1.151362732052803E-001;-1.206986010074616E-001;6.234279135242105E-004;8.121814607875422E-005;
2.476000000000000E+009;-1.165812090039253E-001;-1.196999698877335E-001;4.146222781855613E-004;4.387372755445540E-004;
2.476166666666667E+009;-1.185252517461777E-001;-1.191008538007736E-001;3.006943152286112E-004;2.886156435124576E-004;
2.476333333333334E+009;-1.201845556497574E-001;-1.183651909232140E-001;3.407638578210026E-004;2.796905464492738E-004;
2.476500000000000E+009;-1.219807490706444E-001;-1.177969872951508E-001;3.312514454592019E-004;2.201358875026926E-004;
2.476666666666667E+009;-1.233936324715614E-001;-1.173056215047836E-001;2.843815600499511E-004;2.159437572117895E-004;
2.476833333333334E+009;-1.250889152288437E-001;-1.170142665505409E-001;3.381522401468828E-005;3.595067828428000E-004;
2.477000000000000E+009;-1.268458217382431E-001;-1.166326329112053E-001;2.194670087192208E-004;1.127833311329596E-004;
2.477166666666667E+009;-1.282992660999298E-001;-1.165389642119408E-001;1.760040322551504E-004;4.242832947056741E-004;
2.477333333333334E+009;-1.298258155584335E-001;-1.163023412227631E-001;5.475118086906150E-005;2.293218421982601E-004;
2.477500000000000E+009;-1.313759088516235E-001;-1.160275489091873E-001;5.315025919117034E-005;3.812932409346104E-004;
2.477666666666667E+009;-1.327914446592331E-001;-1.161342561244965E-001;4.280171924619936E-005;3.109815879724920E-004;
2.477833333333334E+009;-1.340777426958084E-001;-1.159345507621765E-001;1.242657162947580E-004;4.052260774187744E-004;
2.478000000000000E+009;-1.351734548807144E-001;-1.160707920789719E-001;3.827696491498500E-005;3.897227870766074E-004;
2.478166666666667E+009;-1.363494843244553E-001;-1.159020513296127E-001;7.553030445706099E-005;4.623361746780574E-004;
2.478333333333334E+009;-1.373093873262405E-001;-1.157792657613754E-001;5.892052286071703E-006;4.332725657150149E-004;
2.478500000000000E+009;-1.384831964969635E-001;-1.157398968935013E-001;-5.756713653681800E-005;4.127814318053424E-004;
2.478666666666667E+009;-1.392481625080109E-001;-1.155957132577896E-001;-1.231060450663790E-004;4.245453746989369E-004;
2.478833333333334E+009;-1.399710625410080E-001;-1.155109852552414E-001;1.497931807534769E-004;4.090045113116503E-004;
2.479000000000000E+009;-1.406841874122620E-001;-1.154756322503090E-001;-4.905099558527581E-005;4.590865864884108E-004;
2.479166666666667E+009;-1.413031965494156E-001;-1.153905093669891E-001;-1.969958393601701E-004;3.866394690703601E-004;
2.479333333333334E+009;-1.418251246213913E-001;-1.149399131536484E-001;-1.697299157967791E-004;5.608948995359242E-004;
2.479500000000000E+009;-1.421546936035156E-001;-1.147357001900673E-001;-2.963287697639316E-004;4.746432241518050E-004;
2.479666666666667E+009;-1.424743533134460E-001;-1.143224313855171E-001;-2.506161108613014E-004;5.079931579530239E-004;
2.479833333333334E+009;-1.426475942134857E-001;-1.139435619115830E-001;-1.762470637913793E-004;6.551338592544198E-004;
2.480000000000000E+009;-1.427074372768402E-001;-1.136309280991554E-001;-2.430326421745122E-004;6.455372204072774E-004;
2.480166666666667E+009;-1.427826881408691E-001;-1.130006387829781E-001;-1.898611953947693E-004;7.058737683109939E-004;
2.480333333333334E+009;-1.428371518850327E-001;-1.125965043902397E-001;-2.431776956655085E-004;9.634257876314223E-004;
2.480500000000000E+009;-1.427714526653290E-001;-1.117116361856461E-001;-2.057863312074915E-004;7.972283056005836E-004;
2.480666666666667E+009;-1.426497399806976E-001;-1.111969724297524E-001;-1.413803838659078E-004;8.411477319896221E-004;
2.480833333333334E+009;-1.424863189458847E-001;-1.102239936590195E-001;-2.076871751341969E-004;8.775935857556760E-004;
2.481000000000000E+009;-1.422017067670822E-001;-1.091823652386665E-001;-1.661994465393946E-004;8.853354374878109E-004;
2.481166666666667E+009;-1.420589834451675E-001;-1.082340702414513E-001;-2.249796525575221E-004;9.678487549535930E-004;
2.481333333333334E+009;-1.418088227510452E-001;-1.072165071964264E-001;-1.268874598281400E-006;1.041060429997742E-003;
2.481500000000000E+009;-1.416105926036835E-001;-1.062703058123589E-001;-9.551762195769697E-005;1.223267288878560E-003;
2.481666666666667E+009;-1.412456482648850E-001;-1.048617213964462E-001;-1.050706341629848E-004;1.048025442287326E-003;
2.481833333333334E+009;-1.410879045724869E-001;-1.037416830658913E-001;-4.257350519765168E-005;1.129655051045120E-003;
2.482000000000000E+009;-1.409130841493607E-001;-1.022517755627632E-001;-7.299127173610032E-005;1.223189523443580E-003;
2.482166666666667E+009;-1.407248377799988E-001;-1.006784215569496E-001;4.769569204654545E-005;1.075344160199165E-003;
2.482333333333334E+009;-1.405385136604309E-001;-9.947482496500015E-002;1.802001861506142E-006;1.259854645468295E-003;
2.482500000000000E+009;-1.404292881488800E-001;-9.795318543910980E-002;5.249852620181628E-005;1.429337775334716E-003;
2.482666666666667E+009;-1.404619216918945E-001;-9.635312110185623E-002;1.906002944451757E-005;1.547368243336678E-003;
2.482833333333334E+009;-1.403907984495163E-001;-9.464552998542786E-002;1.644633448449895E-004;1.460059080272913E-003;
2.483000000000000E+009;-1.404338032007217E-001;-9.293247014284134E-002;1.686965406406671E-004;1.666708849370480E-003;
2.483166666666667E+009;-1.403857320547104E-001;-9.130866825580597E-002;2.601483138278127E-004;1.813475391827524E-003;
2.483333333333334E+009;-1.405646651983261E-001;-8.950114995241165E-002;4.129597800783813E-004;1.582300406880677E-003;
2.483500000000000E+009;-1.409371197223663E-001;-8.795081079006195E-002;5.724222864955664E-004;1.806746586225927E-003;
2.483666666666667E+009;-1.410289406776428E-001;-8.576206862926483E-002;4.508181009441614E-004;1.761827501468360E-003;
2.483833333333334E+009;-1.414159834384918E-001;-8.406328409910202E-002;5.403589457273483E-004;1.901739859022200E-003;
2.484000000000000E+009;-1.416726857423782E-001;-8.211482316255570E-002;5.400704103522003E-004;1.804220490157604E-003;
2.484166666666667E+009;-1.421717852354050E-001;-8.024122565984726E-002;7.196477963589132E-004;1.880212919786573E-003;
2.484333333333334E+009;-1.427057832479477E-001;-7.848019152879715E-002;9.598863543942571E-004;1.991682918742299E-003;
2.484500000000000E+009;-1.431138217449188E-001;-7.669017463922501E-002;8.754314039833844E-004;2.076034666970372E-003;
2.484666666666667E+009;-1.436355113983154E-001;-7.501968741416931E-002;1.098436303436756E-003;2.100446494296193E-003;
2.484833333333334E+009;-1.442491412162781E-001;-7.327520102262497E-002;1.134164049290121E-003;2.147765597328544E-003;
2.485000000000000E+009;-1.449094861745834E-001;-7.164102792739868E-002;1.370199141092598E-003;2.150790533050895E-003;
2.485166666666667E+009;-1.455515325069428E-001;-7.005275040864945E-002;1.531054964289069E-003;2.001740271225572E-003;
2.485333333333334E+009;-1.462325006723404E-001;-6.851356476545334E-002;1.601185649633408E-003;2.091545145958662E-003;
2.485500000000000E+009;-1.470628082752228E-001;-6.695812195539475E-002;1.758147613145411E-003;2.003822475671768E-003;
2.485666666666667E+009;-1.478031128644943E-001;-6.567549705505371E-002;1.827383879572153E-003;1.756820944137871E-003;
2.485833333333334E+009;-1.488152593374252E-001;-6.445581465959549E-002;1.962872920557857E-003;1.818244345486164E-003;
2.486000000000000E+009;-1.498510539531708E-001;-6.312410533428192E-002;1.956169260665774E-003;1.637221546843648E-003;
2.486166666666667E+009;-1.505745947360992E-001;-6.177640706300736E-002;2.128118416294456E-003;1.639045774936676E-003;
2.486333333333334E+009;-1.515429466962814E-001;-6.070043891668320E-002;2.280045999214053E-003;1.495562260970473E-003;
2.486500000000000E+009;-1.527083367109299E-001;-5.952224135398865E-002;2.337096026167274E-003;1.440985593944788E-003;
2.486666666666667E+009;-1.535116732120514E-001;-5.870324373245239E-002;2.365763066336513E-003;1.375753316096962E-003;
2.486833333333334E+009;-1.544461399316788E-001;-5.737641453742981E-002;2.479406073689461E-003;1.209474634379149E-003;
2.487000000000000E+009;-1.554737836122513E-001;-5.667291954159737E-002;2.539650071412325E-003;1.077348366379738E-003;
2.487166666666667E+009;-1.563484072685242E-001;-5.569542199373245E-002;2.467805985361338E-003;1.109860255382955E-003;
2.487333333333334E+009;-1.572754085063934E-001;-5.466904118657112E-002;2.582924207672477E-003;9.009632631205022E-004;
2.487500000000000E+009;-1.579758971929550E-001;-5.366962775588036E-002;2.638470614328980E-003;7.865842781029642E-004;
2.487666666666667E+009;-1.587818413972855E-001;-5.288961529731751E-002;2.681546844542027E-003;6.977144512347877E-004;
2.487833333333334E+009;-1.594892293214798E-001;-5.205840617418289E-002;2.567756222561002E-003;6.307769799605012E-004;
2.488000000000000E+009;-1.601419150829315E-001;-5.108683928847313E-002;2.589888637885451E-003;7.678624824620783E-004;
2.488166666666667E+009;-1.607255339622498E-001;-5.015699192881584E-002;2.612452721223235E-003;4.848014796152711E-004;
2.488333333333334E+009;-1.612735390663147E-001;-4.953168705105782E-002;2.611971925944090E-003;5.747540271840990E-004;
2.488500000000000E+009;-1.616110205650330E-001;-4.868305847048760E-002;2.616848563775420E-003;6.503000622615218E-004;
2.488666666666667E+009;-1.619397252798080E-001;-4.781116917729378E-002;2.532457467168570E-003;5.396003252826631E-004;
2.488833333333334E+009;-1.621429324150085E-001;-4.706802219152451E-002;2.634330652654171E-003;2.714185975492001E-004;
2.489000000000000E+009;-1.624219715595245E-001;-4.627452418208122E-002;2.774944761767983E-003;4.164003184996545E-004;
2.489166666666667E+009;-1.624871492385864E-001;-4.551807790994644E-002;2.797825029119849E-003;1.842753117671236E-004;
2.489333333333334E+009;-1.627696454524994E-001;-4.477235302329063E-002;2.817779546603560E-003;3.049299411941320E-004;
2.489500000000000E+009;-1.626950651407242E-001;-4.389084130525589E-002;2.976164687424898E-003;3.440318687353283E-004;
2.489666666666667E+009;-1.625822186470032E-001;-4.305304959416390E-002;3.176605096086860E-003;3.029436920769513E-004;
2.489833333333334E+009;-1.627429723739624E-001;-4.211470484733582E-002;2.986266044899821E-003;2.036768564721569E-004;
2.490000000000000E+009;-1.625246852636337E-001;-4.127798229455948E-002;3.220809157937765E-003;3.716976207215339E-004;
2.490166666666667E+009;-1.624464690685272E-001;-4.027188569307327E-002;3.315946087241173E-003;6.382121500791982E-005;
2.490333333333334E+009;-1.624508649110794E-001;-3.927883505821228E-002;3.528268774971366E-003;-4.741199882118963E-005;
2.490500000000000E+009;-1.622082293033600E-001;-3.807567805051804E-002;3.639192786067724E-003;-1.773941621650010E-004;
2.490666666666667E+009;-1.622149050235748E-001;-3.704915568232536E-002;3.742036875337362E-003;-4.309079085942358E-004;
2.490833333333334E+009;-1.619530469179153E-001;-3.574831038713455E-002;3.921458031982184E-003;-4.245520103722811E-004;
2.491000000000000E+009;-1.618308424949646E-001;-3.476003929972649E-002;3.930933773517609E-003;-6.147599196992815E-004;
2.491166666666667E+009;-1.616240739822388E-001;-3.325137123465538E-002;3.898605005815625E-003;-9.318817756138742E-004;
2.491333333333334E+009;-1.614196300506592E-001;-3.165303543210030E-002;4.052849486470223E-003;-1.195141114294529E-003;
2.491500000000000E+009;-1.611681282520294E-001;-3.020997904241085E-002;4.019230604171753E-003;-1.432604040019214E-003;
2.491666666666667E+009;-1.613467484712601E-001;-2.855259552598000E-002;4.098524805158377E-003;-1.432367949746549E-003;
2.491833333333334E+009;-1.610913574695587E-001;-2.682600170373917E-002;3.966780379414558E-003;-1.862287870608270E-003;
2.492000000000000E+009;-1.607990711927414E-001;-2.532688155770302E-002;3.970630001276732E-003;-2.124265767633915E-003;
2.492166666666667E+009;-1.607323586940765E-001;-2.332329750061035E-002;3.914722241461277E-003;-2.168664475902915E-003;
2.492333333333334E+009;-1.609953194856644E-001;-2.142918482422829E-002;3.890607738867402E-003;-2.288736635819078E-003;
2.492500000000000E+009;-1.606789976358414E-001;-1.939611136913300E-002;3.794669872149825E-003;-2.614274388179183E-003;
2.492666666666667E+009;-1.607110202312470E-001;-1.745149679481983E-002;3.761916654184461E-003;-2.803452778607607E-003;
2.492833333333334E+009;-1.606652438640595E-001;-1.558799110352993E-002;3.649916267022491E-003;-2.969375811517239E-003;
2.493000000000000E+009;-1.609414070844650E-001;-1.348462514579296E-002;3.539881901815534E-003;-3.062552772462368E-003;
2.493166666666667E+009;-1.608928740024567E-001;-1.164009980857372E-002;3.451582044363022E-003;-3.325639059767127E-003;
2.493333333333334E+009;-1.611830741167069E-001;-9.579137898981571E-003;3.425911767408252E-003;-3.328831633552909E-003;
2.493500000000000E+009;-1.611545532941818E-001;-7.284720893949270E-003;3.380637383088470E-003;-3.757014637812972E-003;
2.493666666666667E+009;-1.615345478057861E-001;-5.261773709207773E-003;3.347002202644944E-003;-3.835625713691115E-003;
2.493833333333334E+009;-1.617842316627502E-001;-3.181821666657925E-003;3.215679898858070E-003;-3.990530967712402E-003;
2.494000000000000E+009;-1.619784981012344E-001;-1.123365946114063E-003;3.041223390027881E-003;-4.348737653344870E-003;
2.494166666666667E+009;-1.622139364480972E-001;8.770987042225897E-004;2.920039463788271E-003;-4.403572063893080E-003;
2.494333333333334E+009;-1.626642197370529E-001;2.713442547246814E-003;2.894457429647446E-003;-4.755580332130194E-003;
2.494500000000000E+009;-1.630205214023590E-001;4.754630383104086E-003;2.792488085106015E-003;-4.841140005737543E-003;
2.494666666666667E+009;-1.634829193353653E-001;6.849563214927912E-003;2.524249022826552E-003;-4.939873237162828E-003;
2.494833333333334E+009;-1.638170629739761E-001;8.562419563531876E-003;2.375500509515405E-003;-5.270427558571100E-003;
2.495000000000000E+009;-1.644335836172104E-001;1.030623447149992E-002;2.124655293300748E-003;-5.524022504687309E-003;
2.495166666666667E+009;-1.647805571556091E-001;1.204512268304825E-002;1.914225635118783E-003;-5.710473749786615E-003;
2.495333333333334E+009;-1.654717624187470E-001;1.375711616128683E-002;1.571941538713872E-003;-5.898305680602789E-003;
2.495500000000000E+009;-1.659620702266693E-001;1.540364976972342E-002;1.402628025971353E-003;-6.017601117491722E-003;
2.495666666666667E+009;-1.665386110544205E-001;1.691161282360554E-002;9.791075717657805E-004;-6.183121819049120E-003;
2.495833333333334E+009;-1.669069528579712E-001;1.830619387328625E-002;8.908568415790796E-004;-6.186638958752155E-003;
2.496000000000000E+009;-1.673156470060349E-001;1.968691498041153E-002;5.198167054913938E-004;-6.390517577528954E-003;
2.496166666666667E+009;-1.678224802017212E-001;2.108607813715935E-002;1.838221214711666E-005;-6.287907715886831E-003;
2.496333333333334E+009;-1.683906912803650E-001;2.241097576916218E-002;-2.657444856595248E-004;-6.528612226247788E-003;
2.496500000000000E+009;-1.689284741878510E-001;2.353743836283684E-002;-6.389487534761429E-004;-6.425197236239910E-003;
2.496666666666667E+009;-1.692586988210678E-001;2.450147084891796E-002;-8.265993674285710E-004;-6.437364500015974E-003;
2.496833333333334E+009;-1.695758402347565E-001;2.564890868961811E-002;-1.398829277604818E-003;-6.528696510940790E-003;
2.497000000000000E+009;-1.699629276990891E-001;2.673279121518135E-002;-1.482025021687150E-003;-6.462551653385162E-003;
2.497166666666667E+009;-1.701432466506958E-001;2.755324169993401E-002;-1.953707076609135E-003;-6.142953410744667E-003;
2.497333333333334E+009;-1.704458743333817E-001;2.839119359850884E-002;-2.306388225406408E-003;-6.146750878542662E-003;
2.497500000000000E+009;-1.705223917961121E-001;2.910065837204456E-002;-2.519366797059774E-003;-6.097690667957068E-003;
2.497666666666667E+009;-1.704436391592026E-001;3.018626943230629E-002;-2.627663081511855E-003;-6.063527893275023E-003;
2.497833333333334E+009;-1.704935133457184E-001;3.087572567164898E-002;-3.058245638385415E-003;-5.869366694241762E-003;
2.498000000000000E+009;-1.704064905643463E-001;3.162509202957153E-002;-3.455126192420721E-003;-5.815185140818358E-003;
2.498166666666667E+009;-1.699761152267456E-001;3.225452452898026E-002;-3.545195097103715E-003;-5.607883445918560E-003;
2.498333333333334E+009;-1.697760373353958E-001;3.291485458612442E-002;-3.911389969289303E-003;-5.349578335881233E-003;
2.498500000000000E+009;-1.695969551801682E-001;3.382931649684906E-002;-4.070091992616653E-003;-5.263887811452150E-003;
2.498666666666667E+009;-1.689930856227875E-001;3.448003157973290E-002;-4.291016608476639E-003;-4.899448249489069E-003;
2.498833333333334E+009;-1.686036735773087E-001;3.500421345233917E-002;-4.735313355922699E-003;-4.785999190062285E-003;
2.499000000000000E+009;-1.680012643337250E-001;3.589082136750221E-002;-4.857613239437342E-003;-4.400892183184624E-003;
2.499166666666667E+009;-1.673211157321930E-001;3.671471402049065E-002;-4.966301377862692E-003;-4.493030253797770E-003;
2.499333333333334E+009;-1.664558649063110E-001;3.761415183544159E-002;-5.171249620616436E-003;-3.884922014549375E-003;
2.499500000000000E+009;-1.658000349998474E-001;3.835582733154297E-002;-5.210258997976780E-003;-3.790974617004395E-003;
2.499666666666667E+009;-1.649743020534515E-001;3.934849798679352E-002;-5.575438495725393E-003;-3.436335129663348E-003;
2.499833333333334E+009;-1.640901416540146E-001;4.028136283159256E-002;-5.581441335380077E-003;-3.201913787052035E-003;
2.500000000000000E+009;-1.631260365247726E-001;4.144251346588135E-002;-5.911233834922314E-003;-2.906745532527566E-003;
